0 0.17391304375 0.39266304375 0.207357859375 0.39266304375 0.210702340625 0.3893185625 0.22408026718750002 0.3893185625 0.2274247484375 0.3859740796875 0.2474916390625 0.3826295984375 0.264214046875 0.365907190625 0.26755852812500003 0.3558737453125 0.26755852812500003 0.33580685625 0.257525084375 0.309051003125 0.23076923124999998 0.28563963281250004 0.2140468234375 0.28563963281250004 0.177257525 0.302362040625 0.1672240796875 0.312395484375 0.1638795984375 0.312395484375 0.153846153125 0.3257734109375 0.15050167187500002 0.33580685625 0.153846153125 0.365907190625 0.1605351171875 0.3792851171875 0.17391304375 0.39266304375
0 0.18060200625 0.489653009375 0.1906354515625 0.489653009375 0.1939799328125 0.4929974921875 0.2441471578125 0.4929974921875 0.2474916390625 0.489653009375 0.260869565625 0.489653009375 0.26755852812500003 0.48630852812500003 0.2842809359375 0.46624163906250005 0.2842809359375 0.4528637125 0.28762541875 0.44951923125000004 0.2842809359375 0.4127299328125 0.2809364546875 0.40604097031249997 0.260869565625 0.3893185625 0.2441471578125 0.3859740796875 0.240802675 0.3893185625 0.2140468234375 0.39266304375 0.210702340625 0.396007525 0.1839464890625 0.396007525 0.17056856250000002 0.4026964890625 0.1571906359375 0.419418896875 0.153846153125 0.429452340625 0.153846153125 0.4528637125 0.1672240796875 0.479619565625 0.18060200625 0.489653009375
0 0.177257525 0.600020903125 0.2274247484375 0.6133988296874999 0.2474916390625 0.6133988296874999 0.2541806015625 0.6100543484375 0.2508361203125 0.57326505 0.264214046875 0.543164715625 0.2909699 0.5230978265624999 0.28762541875 0.50637541875 0.26755852812500003 0.4929974921875 0.1939799328125 0.4963419734375 0.17056856250000002 0.50637541875 0.1605351171875 0.5164088625 0.1605351171875 0.5565426421875 0.1672240796875 0.5832984953125 0.177257525 0.600020903125
0 0.1204013375 0.717077759375 0.147157190625 0.7271112046875 0.1939799328125 0.7271112046875 0.2207357859375 0.720422240625 0.240802675 0.6970108703125 0.2508361203125 0.666910534375 0.2508361203125 0.6501881265625 0.240802675 0.6301212375 0.22408026718750002 0.6167433109375 0.207357859375 0.6100543484375 0.153846153125 0.603365384375 0.15050167187500002 0.606709865625 0.13377926406250001 0.606709865625 0.11036789375 0.62677675625 0.10033444843749999 0.6468436453125 0.10033444843749999 0.6836329437499999 0.10702341093750001 0.7003553515625 0.1204013375 0.717077759375
0 0.501672240625 0.5030309359375 0.505016721875 0.50637541875 0.5451505015625 0.5097199 0.565217390625 0.4996864546875 0.5819398 0.479619565625 0.59197324375 0.44617474843749994 0.59197324375 0.4327968234375 0.5819398 0.4093854515625 0.5451505015625 0.396007525 0.5351170562500001 0.396007525 0.52842809375 0.3826295984375 0.5117056859375 0.372596153125 0.4849498328125 0.3859740796875 0.4615384609375 0.4127299328125 0.4581939796875 0.45620819375000005 0.46488294375 0.479619565625 0.4782608703125 0.4996864546875 0.501672240625 0.5030309359375
0 0.5083612046875 0.6401546828125 0.505016721875 0.606709865625 0.5150501671875001 0.5832984953125 0.5351170562500001 0.5632316046875 0.555183946875 0.5565426421875 0.561872909375 0.5598871234375 0.5819398 0.5598871234375 0.5819398 0.5498536796875 0.5752508359374999 0.5331312703125 0.555183946875 0.5164088625 0.5250836125 0.51306438125 0.5217391296875 0.5097199 0.4916387953125 0.5097199 0.48829431406249996 0.50637541875 0.4782608703125 0.50637541875 0.46488294375 0.51306438125 0.4515050171875 0.5297867890625 0.444816053125 0.546509196875 0.441471571875 0.57660953125 0.4515050171875 0.6100543484375 0.48160535156249995 0.6401546828125 0.5083612046875 0.6401546828125
0 0.29431438125 0.663566053125 0.3143812703125 0.663566053125 0.317725753125 0.666910534375 0.3645484953125 0.663566053125 0.377926421875 0.653532609375 0.40802675624999996 0.6167433109375 0.41137123750000004 0.606709865625 0.41137123750000004 0.57660953125 0.4013377921875 0.5531981609375001 0.35785953125000003 0.5230978265624999 0.3143812703125 0.5197533437499999 0.29431438125 0.5264423078125 0.270903009375 0.539820234375 0.257525084375 0.5632316046875 0.2541806015625 0.57660953125 0.257525084375 0.6100543484375 0.26755852812500003 0.63346571875 0.29431438125 0.663566053125
0 0.5384615390625 0.6802884609375 0.5451505015625 0.6836329437499999 0.558528428125 0.6836329437499999 0.561872909375 0.686977425 0.5986622078125 0.6836329437499999 0.6053511703125001 0.6802884609375 0.622073578125 0.6501881265625 0.6254180609375 0.6167433109375 0.615384615625 0.5899874578125 0.6020066890625 0.56992056875 0.58528428125 0.5632316046875 0.5685618734375 0.5632316046875 0.565217390625 0.5598871234375 0.5418060203125 0.5632316046875 0.5183946484375 0.5832984953125 0.5117056859375 0.596676421875 0.5083612046875 0.606709865625 0.5117056859375 0.6401546828125 0.5217391296875 0.660221571875 0.5384615390625 0.6802884609375
0 0.6020066890625 0.482964046875 0.6321070234375 0.5097199 0.678929765625 0.5097199 0.6956521734375001 0.5030309359375 0.6989966562500001 0.4996864546875 0.6989966562500001 0.482964046875 0.7090301 0.4528637125 0.732441471875 0.43614130468749995 0.732441471875 0.419418896875 0.7190635453125 0.3893185625 0.6889632109375 0.3792851171875 0.6622073578125 0.3792851171875 0.6588628765625 0.3826295984375 0.6254180609375 0.3859740796875 0.5986622078125 0.4127299328125 0.595317725 0.422763378125 0.595317725 0.44951923125000004 0.5986622078125 0.4528637125 0.6020066890625 0.482964046875
0 0.7525083609375 0.5498536796875 0.795986621875 0.5498536796875 0.8060200671875 0.546509196875 0.81939799375 0.5331312703125 0.8327759203125 0.5097199 0.8361204015625001 0.476275084375 0.82608695625 0.44617474843749994 0.8093645484374999 0.429452340625 0.792642140625 0.42610785937499995 0.7725752515625001 0.4327968234375 0.7458193984375 0.4327968234375 0.71237458125 0.4528637125 0.70568561875 0.46624163906250005 0.70568561875 0.50637541875 0.729096990625 0.539820234375 0.7525083609375 0.5498536796875
0 0.71237458125 0.6368102 0.7257525078125 0.6501881265625 0.739130434375 0.656877090625 0.7591973249999999 0.656877090625 0.76254180625 0.660221571875 0.792642140625 0.656877090625 0.8060200671875 0.6501881265625 0.81939799375 0.6368102 0.8294314375 0.6167433109375 0.8327759203125 0.5866429765625 0.8227424750000001 0.5598871234375 0.8127090296875 0.5498536796875 0.7491638796875 0.5531981609375001 0.732441471875 0.546509196875 0.7157190640625 0.5598871234375 0.70568561875 0.57660953125 0.70568561875 0.5899874578125 0.7023411375 0.5933319390625 0.70568561875 0.623432275 0.71237458125 0.6368102
0 0.8729096984375 0.3792851171875 0.8862876249999999 0.3792851171875 0.8963210703125 0.372596153125 0.9565217390624999 0.3759406359375 0.966555184375 0.365907190625 0.973244146875 0.3525292640625 0.973244146875 0.34249581875 0.9765886281249999 0.33915133750000004 0.9765886281249999 0.309051003125 0.973244146875 0.2990175578125 0.9598662203125 0.28229515 0.9464882937500001 0.2756061875 0.9130434781250001 0.27226170625 0.909698996875 0.2689172234375 0.8795986625 0.27226170625 0.8662207359374999 0.28229515 0.852842809375 0.305706521875 0.849498328125 0.31573996718749997 0.852842809375 0.3458403015625 0.8628762546875001 0.36925167187499996 0.8729096984375 0.3792851171875
0 0.8628762546875001 0.45620819375000005 0.88294314375 0.482964046875 0.8996655515624999 0.489653009375 0.9431438125 0.48630852812500003 0.9565217390624999 0.479619565625 0.973244146875 0.459552675 0.9832775921874999 0.4394857859375 0.9832775921874999 0.4127299328125 0.9765886281249999 0.39935200625 0.9598662203125 0.3826295984375 0.9498327765625 0.3792851171875 0.93979933125 0.3792851171875 0.93645485 0.3759406359375 0.8996655515624999 0.3759406359375 0.88294314375 0.3826295984375 0.8628762546875001 0.40604097031249997 0.859531771875 0.4160744140625 0.859531771875 0.44283026718749996 0.8628762546875001 0.44617474843749994 0.8628762546875001 0.45620819375000005
0 0.8862876249999999 0.600020903125 0.8963210703125 0.606709865625 0.93979933125 0.6100543484375 0.9598662203125 0.603365384375 0.9765886281249999 0.5866429765625 0.9899665546874999 0.5531981609375001 0.9899665546874999 0.5197533437499999 0.9832775921874999 0.5030309359375 0.969899665625 0.489653009375 0.9498327765625 0.48630852812500003 0.9331103671875001 0.4929974921875 0.88963210625 0.4929974921875 0.8795986625 0.4963419734375 0.8695652171875 0.50637541875 0.8628762546875001 0.5197533437499999 0.859531771875 0.543164715625 0.8628762546875001 0.546509196875 0.8662207359374999 0.56992056875 0.8862876249999999 0.600020903125