0 0.227799228125 0.6137849906249999 0.247104246875 0.61764599375 0.3552123546875 0.5983409749999999 0.3667953671875 0.5944799703125 0.38223938281250003 0.5713139484374999 0.39382239375 0.5288429046875 0.38610038593749996 0.47864985468750004 0.3706563703125 0.451622828125 0.3552123546875 0.4361788125 0.33204633281249996 0.4245958015625 0.3050193046875 0.41687379375000005 0.2625482625 0.420734796875 0.22393822343749997 0.44003981718749996 0.20077219999999998 0.46320583906249996 0.18918918906249999 0.4863718625 0.1853281859375 0.5018158781250001 0.18918918906249999 0.5597309359375 0.20077219999999998 0.5867579640625 0.227799228125 0.6137849906249999
0 0.18146718125 0.5211208984375 0.18146718125 0.497954875 0.18918918906249999 0.4747888515625 0.22393822343749997 0.4361788125 0.2702702703125 0.41301278906250005 0.3011583015625 0.41301278906250005 0.297297296875 0.3859857625 0.277992278125 0.3628197390625 0.2355212359375 0.3435147203125 0.2046332046875 0.3435147203125 0.20077219999999998 0.339653715625 0.146718146875 0.35509773125 0.127413128125 0.37054174687499997 0.11583011562500001 0.3937077703125 0.1119691125 0.45934483593750003 0.127413128125 0.4940938703125 0.1583011578125 0.5249819015625 0.18146718125 0.5211208984375
0 0.10424710468750001 0.4284568046875 0.11583011562500001 0.382124759375 0.146718146875 0.351236728125 0.17760617812499999 0.339653715625 0.2393822390625 0.339653715625 0.2393822390625 0.320348696875 0.227799228125 0.289460665625 0.196911196875 0.258572634375 0.166023165625 0.24698962343750003 0.1119691125 0.24698962343750003 0.0733590734375 0.27015564687500004 0.0540540546875 0.2933216703125 0.050193049999999996 0.3589587359375 0.0733590734375 0.4091517859375 0.10038609999999999 0.4284568046875 0.10424710468750001 0.4284568046875
0 0.28185328125 0.3589587359375 0.29343629375 0.37054174687499997 0.3011583015625 0.37054174687499997 0.3011583015625 0.3589587359375 0.3127413125 0.3357927125 0.33976833906250004 0.3087656859375 0.37451737500000004 0.2933216703125 0.42084942031250006 0.2971826734375 0.42084942031250006 0.27787765468750003 0.40540540468749997 0.250850628125 0.38610038593749996 0.2315456078125 0.3552123546875 0.2238236 0.297297296875 0.2238236 0.28185328125 0.2276846046875 0.2625482625 0.23926761562499999 0.24324324375 0.2624336390625 0.2393822390625 0.27401665 0.24324324375 0.3280707046875 0.258687259375 0.3473757234375 0.28185328125 0.3589587359375
0 0.4517374515625 0.3087656859375 0.49034749062499994 0.3435147203125 0.4980694984375 0.31648769374999997 0.5096525093750001 0.2971826734375 0.5328185328124999 0.27401665 0.559845559375 0.2624336390625 0.5868725875 0.258572634375 0.5868725875 0.2431286203125 0.5791505796875 0.2276846046875 0.55598455625 0.2006575765625 0.5289575296875 0.189074565625 0.49420849375 0.189074565625 0.46332046406250005 0.1967965734375 0.44401544375 0.20837958437499998 0.428571428125 0.2238236 0.42084942031250006 0.23926761562499999 0.42084942031250006 0.25471163125 0.4169884171875 0.258572634375 0.428571428125 0.2971826734375 0.4517374515625 0.3087656859375
0 0.6216216218749999 0.258572634375 0.671814671875 0.2855996625 0.675675675 0.2855996625 0.6795366796875 0.27015564687500004 0.691119690625 0.250850628125 0.7374517375 0.219962596875 0.752895753125 0.219962596875 0.7567567562499999 0.21610159218749997 0.752895753125 0.189074565625 0.741312740625 0.169769546875 0.7297297296874999 0.15818653437500002 0.6949806953125 0.1466035234375 0.6679536671874999 0.1466035234375 0.625482625 0.15818653437500002 0.60617760625 0.169769546875 0.590733590625 0.19293556875 0.5868725875 0.2354066125 0.5945945953125 0.250850628125 0.60617760625 0.258572634375 0.6216216218749999 0.258572634375
0 0.7451737453125 0.37054174687499997 0.7567567562499999 0.351236728125 0.8320463328125 0.3126266890625 0.8571428578125 0.3126266890625 0.8610038609374999 0.3087656859375 0.8610038609374999 0.28173865781249996 0.8494208499999999 0.25471163125 0.8378378375000001 0.2431286203125 0.7915057921875001 0.2238236 0.741312740625 0.2238236 0.7258687265625 0.2276846046875 0.6988416984375 0.24698962343750003 0.6833976828125 0.27401665 0.6795366796875 0.2933216703125 0.6949806953125 0.3357927125 0.70656370625 0.3473757234375 0.7451737453125 0.37054174687499997
0 0.7953667953125 0.4902328671875 0.8262548265625 0.497954875 0.8532818531249999 0.4940938703125 0.8996139 0.48251085937499993 0.91891891875 0.4747888515625 0.93050193125 0.46320583906249996 0.93050193125 0.45548383281250004 0.9420849421874999 0.4439008203125 0.9420849421874999 0.3898467671875 0.9343629343750001 0.37054174687499997 0.903474903125 0.33193170781250003 0.864864865625 0.31648769374999997 0.81853281875 0.31648769374999997 0.7799227796875 0.33193170781250003 0.7644787640625 0.3473757234375 0.7490347484375001 0.382124759375 0.76833976875 0.41687379375000005 0.7722007718749999 0.46320583906249996 0.7953667953125 0.4902328671875
0 0.6640926640625 0.5365649125 0.7335907328125 0.5211208984375 0.7490347484375001 0.513398890625 0.7644787640625 0.4747888515625 0.7644787640625 0.41687379375000005 0.741312740625 0.3744027515625 0.7258687265625 0.3628197390625 0.6833976828125 0.3473757234375 0.640926640625 0.351236728125 0.610038609375 0.36668074375000004 0.575289575 0.4091517859375 0.5714285718750001 0.4284568046875 0.5868725875 0.4902328671875 0.6177606171875001 0.5365649125 0.6640926640625 0.5365649125
0 0.5366795359375 0.3937077703125 0.5675675671875 0.41687379375000005 0.5830115828125 0.3898467671875 0.6216216218749999 0.35509773125 0.652509653125 0.3435147203125 0.6872586875 0.3435147203125 0.6872586875 0.3242097 0.6795366796875 0.301043678125 0.65637065625 0.27787765468750003 0.6177606171875001 0.2624336390625 0.5830115828125 0.2624336390625 0.5482625484375 0.27015564687500004 0.5328185328124999 0.27787765468750003 0.5019305015625 0.31648769374999997 0.4980694984375 0.3280707046875 0.5019305015625 0.3628197390625 0.5173745171874999 0.37054174687499997 0.5366795359375 0.3937077703125
0 0.37837837812499997 0.45548383281250004 0.38223938281250003 0.45548383281250004 0.39382239375 0.4245958015625 0.4169884171875 0.3975687734375 0.44401544375 0.382124759375 0.48648648593750005 0.3782637546875 0.49034749062499994 0.3744027515625 0.4826254828125 0.3435147203125 0.459459459375 0.31648769374999997 0.44015444062500003 0.30490468125 0.3976833984375 0.301043678125 0.39382239375 0.2971826734375 0.3629343625 0.301043678125 0.328185328125 0.320348696875 0.3050193046875 0.3589587359375 0.3011583015625 0.3859857625 0.3127413125 0.41301278906250005 0.33976833906250004 0.420734796875 0.37837837812499997 0.45548383281250004
0 0.4131274125 0.5404259171875 0.42471042499999995 0.552008928125 0.45559845625 0.5713139484374999 0.4980694984375 0.5713139484374999 0.5482625484375 0.5597309359375 0.5675675671875 0.5442869203125 0.5791505796875 0.51725989375 0.5791505796875 0.45934483593750003 0.5675675671875 0.4284568046875 0.5482625484375 0.40529078125 0.5135135140625 0.3859857625 0.46332046406250005 0.382124759375 0.42471042499999995 0.3975687734375 0.40154440156250004 0.420734796875 0.38610038593749996 0.451622828125 0.38610038593749996 0.46706684374999996 0.3976833984375 0.5095378859374999 0.4131274125 0.5404259171875