0 0.2926045015625 0.5348824359375 0.3344051453125 0.541313303125 0.38263665625 0.5348824359375 0.40514469531249997 0.5252361328124999 0.456591640625 0.4609274515625 0.4598070734375 0.383757034375 0.44372990312500005 0.341956390625 0.4276527328125 0.3258792203125 0.38263665625 0.30980205 0.3665594859375 0.2969403140625 0.31189710625 0.2937248796875 0.279742765625 0.30337118125 0.2508038578125 0.3290946546875 0.2315112546875 0.3612489953125 0.22186495156250002 0.3901879015625 0.2250803859375 0.44485028125000003 0.2508038578125 0.49629722656249997 0.2926045015625 0.5348824359375
0 0.54662379375 0.7438856515625 0.549839228125 0.6956541406250001 0.5080385859375001 0.5991911171875001 0.46623794218750003 0.5638213421875 0.408360128125 0.5445287375000001 0.344051446875 0.547744171875 0.2958199359375 0.5734676453125 0.2604501609375 0.612052853125 0.23472668749999998 0.67957696875 0.2250803859375 0.7085158765624999 0.23472668749999998 0.7567473875 0.5401929265625001 0.7567473875 0.54662379375 0.7438856515625
0 0 0.7567473875 0.2250803859375 0.7567473875 0.2250803859375 0.6988695734375 0.23794212187500002 0.6538534968749999 0.22186495156250002 0.624914590625 0.1929260453125 0.5991911171875001 0.1125401921875 0.5766830781250001 0.032154340625 0.5766830781250001 0.006430868750000001 0.58632938125 0 0.5895448156249999 0 0.7567473875
0 0 0.5252361328124999 0.02893890625 0.5380978703125 0.096463021875 0.51558983125 0.1254019296875 0.4995126609375 0.1511254015625 0.4673583203125 0.1575562703125 0.43841941249999994 0.1511254015625 0.3934033359375 0.1286173640625 0.34838725937500004 0.109324759375 0.3290946546875 0.0900321546875 0.3194483515625 0.035369775 0.30980205 0 0.30980205 0 0.5252361328124999
0 0 0.2937248796875 0.0096463015625 0.30337118125 0.0868167203125 0.31623291875000004 0.106109325 0.31623291875000004 0.11897106093750001 0.30980205 0.1479099671875 0.28086314375 0.176848875 0.26800140625 0.176848875 0.2390625 0 0.2390625 0 0.2937248796875
0 0.1897106109375 0.313017484375 0.21221865 0.3226637859375 0.23472668749999998 0.341956390625 0.23794212187500002 0.341956390625 0.273311896875 0.30337118125 0.273311896875 0.2969403140625 0.2572347265625 0.28086314375 0.2250803859375 0.26800140625 0.1832797421875 0.26800140625 0.1543408359375 0.28086314375 0.131832796875 0.300155746875 0.1254019296875 0.30980205 0.1254019296875 0.3258792203125 0.1607717046875 0.313017484375 0.1897106109375 0.313017484375
0 0.1575562703125 0.40626507187499994 0.1607717046875 0.441634846875 0.1543408359375 0.4673583203125 0.1414791 0.48986635781250004 0.144694534375 0.49629722656249997 0.1511254015625 0.4930817921875 0.1575562703125 0.4995126609375 0.176848875 0.49629722656249997 0.1961414796875 0.486650925 0.209003215625 0.4737891875 0.23472668749999998 0.345171825 0.21221865 0.3258792203125 0.1897106109375 0.31623291875000004 0.1607717046875 0.31623291875000004 0.1414791 0.3226637859375 0.1221864953125 0.33231008906250004 0.1221864953125 0.33874095625 0.13504823125 0.3516026921875 0.1575562703125 0.40626507187499994
0 0.20257234687499998 0.6056219859375 0.20578778125000002 0.6056219859375 0.215434084375 0.6152682875 0.215434084375 0.618483721875 0.2282958203125 0.6281300234375 0.2282958203125 0.6313454578125001 0.24115755625 0.647422628125 0.2700964625 0.5927602484375 0.2540192921875 0.5798985125 0.24115755625 0.5798985125 0.23794212187500002 0.5766830781250001 0.20578778125000002 0.5766830781250001 0.1961414796875 0.5798985125 0.176848875 0.5895448156249999 0.180064309375 0.5927602484375 0.1929260453125 0.5959756828125 0.20257234687499998 0.6056219859375
0 0.4726688109375 0.5638213421875 0.5176848875 0.6088374203125 0.5530546625 0.5959756828125 0.5691318328125 0.583113946875 0.5691318328125 0.5766830781250001 0.5530546625 0.547744171875 0.5273311890625 0.5220207 0.49839228281250003 0.5059435296875 0.485530546875 0.5027280953125 0.456591640625 0.5059435296875 0.44051446875 0.5123743968750001 0.4308681671875 0.5252361328124999 0.41157556250000005 0.5348824359375 0.40192926093750003 0.5348824359375 0.3987138265625 0.5380978703125 0.40514469531249997 0.541313303125 0.4308681671875 0.5445287375000001 0.4726688109375 0.5638213421875
0 0.5723472671875001 0.518805265625 0.6334405140625 0.5123743968750001 0.6688102890625001 0.48022005625 0.7041800640625 0.4609274515625 0.72347266875 0.4287731109375 0.726688103125 0.38054160000000004 0.7138263671875 0.3516026921875 0.6752411578124999 0.3194483515625 0.6302250796875 0.2969403140625 0.5980707390625 0.2905094453125 0.5659163984375 0.2969403140625 0.52411575625 0.3226637859375 0.49839228281250003 0.3612489953125 0.4919614140625 0.4030496375 0.5080385859375001 0.46414288593749997 0.52411575625 0.48986635781250004 0.5723472671875001 0.518805265625
0 0.3633440515625 0.2905094453125 0.3890675234375 0.30980205 0.408360128125 0.31623291875000004 0.41800643125 0.313017484375 0.4726688109375 0.3194483515625 0.47588424375000005 0.31623291875000004 0.4951768484375 0.31623291875000004 0.51125401875 0.306586615625 0.514469453125 0.2969403140625 0.5369774921875 0.26800140625 0.543408359375 0.2390625 0.3536977484375 0.2390625 0.3536977484375 0.24227793437499998 0.3633440515625 0.2905094453125
0 0.5691318328125 0.2905094453125 0.585209003125 0.2872940109375 0.620578778125 0.2905094453125 0.6655948546875 0.30980205 0.7138263671875 0.345171825 0.72347266875 0.341956390625 0.72347266875 0.3258792203125 0.7170418 0.30980205 0.7331189703125001 0.28086314375 0.7331189703125001 0.26800140625 0.7459807078125 0.24549336875 0.7459807078125 0.2390625 0.5755627015625 0.2390625 0.5723472671875001 0.24549336875 0.5691318328125 0.2905094453125
0 0.784565915625 0.38054160000000004 0.826366559375 0.39661877031250004 0.861736334375 0.3901879015625 0.9035369781249999 0.34838725937500004 0.9742765265625 0.313017484375 0.9871382640625 0.277647709375 0.9839228296875 0.2487088015625 0.9774919609375001 0.2390625 0.7491961421875 0.24227793437499998 0.7363344046875 0.28086314375 0.720257234375 0.2969403140625 0.72347266875 0.3194483515625 0.784565915625 0.38054160000000004
0 0.9099678453125 0.541313303125 0.9163987140625001 0.5380978703125 0.9196141484375 0.547744171875 0.9324758843750001 0.554175040625 0.9967845656250001 0.5638213421875 0.9967845656250001 0.31623291875000004 0.964630225 0.3194483515625 0.9324758843750001 0.335525521875 0.890675240625 0.36446442968750004 0.8745980703124999 0.38054160000000004 0.8649517687499999 0.39983420468749997 0.8649517687499999 0.47057375468749996 0.8810289390625 0.5059435296875 0.90032154375 0.518805265625 0.9099678453125 0.541313303125
0 0.9549839234374999 0.6634997984375001 0.93569131875 0.647422628125 0.9131832796875001 0.6377763265625 0.8681672031250001 0.6345608921875 0.8135048234375001 0.6506380625 0.78778135 0.6667152328125 0.7652733125 0.689223271875 0.7491961421875 0.7181621781249999 0.7459807078125 0.7567473875 0.9967845656250001 0.7567473875 0.9967845656250001 0.6763615359374999 0.9549839234374999 0.6634997984375001
0 0.72347266875 0.6345608921875 0.752411575 0.6860078374999999 0.8585209 0.6281300234375 0.861736334375 0.583113946875 0.8488745984375001 0.554175040625 0.8038585203125 0.486650925 0.7684887453125 0.46414288593749997 0.720257234375 0.4609274515625 0.697749196875 0.4673583203125 0.6591639875 0.4930817921875 0.627009646875 0.5252361328124999 0.614147909375 0.55095960625 0.614147909375 0.5766830781250001 0.65273311875 0.583113946875 0.691318328125 0.6024065515625 0.72347266875 0.6345608921875
0 0.543408359375 0.7567473875 0.7363344046875 0.753531953125 0.7427652734375 0.7278084812500001 0.7427652734375 0.6860078374999999 0.7363344046875 0.6667152328125 0.7138263671875 0.6281300234375 0.684887459375 0.6024065515625 0.6366559484375001 0.583113946875 0.585209003125 0.583113946875 0.5273311890625 0.612052853125 0.52411575625 0.6216991562499999 0.5530546625 0.69243870625 0.549839228125 0.7438856515625 0.543408359375 0.7567473875
0 0.961414790625 0.6634997984375001 0.9967845656250001 0.6731461015625 0.9967845656250001 0.5798985125 0.9935691312499999 0.5766830781250001 0.9742765265625 0.5766830781250001 0.97106109375 0.5734676453125 0.9163987140625001 0.5734676453125 0.893890675 0.583113946875 0.8681672031250001 0.6056219859375 0.8649517687499999 0.6313454578125001 0.9067524109375 0.6313454578125001 0.93569131875 0.6442071953124999 0.961414790625 0.6634997984375001
0 0.790996784375 0.47057375468749996 0.8102893890624999 0.48986635781250004 0.8231511250000001 0.518805265625 0.8392282953124999 0.5348824359375 0.8520900328125001 0.5573904749999999 0.861736334375 0.5606059078125 0.8681672031250001 0.554175040625 0.8681672031250001 0.5091589625 0.8585209 0.47700462187500003 0.8585209 0.448065715625 0.8520900328125001 0.43198854531249997 0.8102893890624999 0.415911375 0.784565915625 0.4287731109375 0.7813504828125 0.41912680937499996 0.7363344046875 0.43841941249999994 0.726688103125 0.448065715625 0.7299035375 0.454496584375 0.762057878125 0.45771201718750004 0.790996784375 0.47057375468749996
0 0.4630225078125 0.383757034375 0.4630225078125 0.4609274515625 0.45337620625 0.48022005625 0.45337620625 0.4930817921875 0.4598070734375 0.4995126609375 0.48874598125 0.49629722656249997 0.49839228281250003 0.48986635781250004 0.4951768484375 0.48022005625 0.49839228281250003 0.4609274515625 0.4951768484375 0.45128114999999996 0.4919614140625 0.3676798640625 0.5016077171875 0.3516026921875 0.5016077171875 0.341956390625 0.4726688109375 0.3226637859375 0.4308681671875 0.31623291875000004 0.41800643125 0.3194483515625 0.4276527328125 0.3226637859375 0.4469453375 0.341956390625 0.4630225078125 0.383757034375
0 0.2990353703125 0.2937248796875 0.3601286171875 0.2905094453125 0.3569131828125 0.2872940109375 0.3569131828125 0.26800140625 0.3536977484375 0.2647859734375 0.3408360125 0.2647859734375 0.337620578125 0.2615705390625 0.3054662375 0.2647859734375 0.2926045015625 0.274432275 0.2893890671875 0.274432275 0.27652733125 0.2872940109375 0.273311896875 0.2937248796875 0.27652733125 0.300155746875 0.2861736328125 0.300155746875 0.2990353703125 0.2937248796875