0 0.58181818125 0.5308238640625 0.6363636359375 0.5199147734375 0.6618181812499999 0.4944602265625 0.6799999999999999 0.46536931875 0.6836363640625 0.41082386406250004 0.669090909375 0.378096590625 0.6363636359375 0.3417329546875 0.6072727265625 0.32355113593749996 0.58181818125 0.316278409375 0.53818181875 0.31991477343749997 0.5054545453125 0.3417329546875 0.4872727265625 0.3817329546875 0.48 0.4217329546875 0.4872727265625 0.458096590625 0.530909090625 0.50536931875 0.58181818125 0.5308238640625
0 0.2872727265625 0.42536931874999995 0.29818181875 0.4435511359375 0.3345454546875 0.46900568125 0.38181818125 0.4726420453125 0.410909090625 0.46536931875 0.450909090625 0.4399147734375 0.48 0.39991477343750004 0.4836363640625 0.34900568125000003 0.46909090937500003 0.316278409375 0.44000000000000006 0.28718750000000004 0.40727272656249996 0.26900568125 0.38181818125 0.26536931875 0.34181818124999996 0.26900568125 0.3127272734375 0.2835511359375 0.2872727265625 0.31991477343749997 0.27999999999999997 0.34536931875 0.27999999999999997 0.3635511359375 0.290909090625 0.3817329546875 0.2872727265625 0.42536931874999995
0 0.090909090625 0.43264204531250006 0.1345454546875 0.43264204531250006 0.189090909375 0.40355113593749997 0.2072727265625 0.38536931874999997 0.2363636359375 0.33446022656249996 0.2363636359375 0.2944602265625 0.21818181874999998 0.2544602265625 0.1927272734375 0.22536931875000002 0.1563636359375 0.2071875 0.10181818125 0.20355113593750002 0.06181818125000001 0.21446022656250002 0.0254545453125 0.2435511359375 0.0145454546875 0.26900568125 0.010909090625 0.316278409375 0.029090909375 0.3744602265625 0.05818181875 0.41446022656250003 0.090909090625 0.43264204531250006
0 0.1527272734375 0.19627840937500002 0.16363636406249998 0.20355113593750002 0.1927272734375 0.218096590625 0.21090909062500002 0.218096590625 0.2145454546875 0.22173295468749998 0.21818181874999998 0.218096590625 0.24363636406250003 0.218096590625 0.2763636359375 0.2071875 0.3054545453125 0.18900568125 0.3272727265625 0.1671875 0.130909090625 0.1671875 0.130909090625 0.1708238640625 0.1527272734375 0.19627840937500002
0 0.69818181875 0.378096590625 0.7236363640625 0.3635511359375 0.7527272734375 0.338096590625 0.76 0.32355113593749996 0.7636363640625 0.2835511359375 0.7454545453125 0.23627840937500003 0.7054545453125 0.18900568125 0.6836363640625 0.178096590625 0.6618181812499999 0.1708238640625 0.6327272734375 0.1708238640625 0.6036363640625 0.1817329546875 0.5854545453125 0.19627840937500002 0.5599999999999999 0.2435511359375 0.5563636359374999 0.3017329546875 0.650909090625 0.3526420453125 0.6763636359375 0.3817329546875 0.69818181875 0.378096590625
0 0.7672727265625 0.38536931874999997 0.7927272734375 0.40718750000000004 0.8109090906249999 0.41446022656250003 0.82181818125 0.3926420453125 0.890909090625 0.356278409375 0.9236363640624999 0.3599147734375 0.94181818125 0.3708238640625 0.949090909375 0.3635511359375 0.9563636359375 0.34536931875 0.9563636359375 0.3017329546875 0.9272727265625 0.2544602265625 0.9127272734374999 0.2544602265625 0.8690909093749999 0.26900568125 0.7854545453124999 0.26536931875 0.78181818125 0.2617329546875 0.770909090625 0.26536931875 0.770909090625 0.3017329546875 0.7563636359375 0.338096590625 0.7563636359375 0.3671875 0.7672727265625 0.38536931874999997
0 0.8109090906249999 0.5126420453125 0.8545454546875 0.5344602265625 0.8763636359375001 0.5708238640625 0.9090909093749999 0.58900568125 0.9381818187500001 0.58900568125 0.96 0.578096590625 0.9963636359375 0.5417329546875 0.9963636359375 0.42536931874999995 0.9381818187500001 0.3708238640625 0.9199999999999999 0.3635511359375 0.8727272734374999 0.3635511359375 0.8472727265625 0.3744602265625 0.82181818125 0.39991477343750004 0.81818181875 0.41082386406250004 0.81818181875 0.43264204531250006 0.8 0.476278409375 0.8 0.4944602265625 0.8109090906249999 0.5126420453125
0 0.7563636359375 0.22900568125 0.7854545453124999 0.258096590625 0.8072727265624999 0.26536931875 0.8690909093749999 0.26536931875 0.9163636359374999 0.2508238640625 0.930909090625 0.23627840937500003 0.94181818125 0.22173295468749998 0.9563636359375 0.1671875 0.73818181875 0.1671875 0.73818181875 0.18900568125 0.7563636359375 0.22900568125
0 0.69818181875 0.7235511359375 0.730909090625 0.7271875 0.7927272734375 0.7126420453125 0.8400000000000001 0.6944602265625 0.85818181875 0.6726420453124999 0.8654545453125 0.6399147734375 0.85818181875 0.58536931875 0.8436363640625 0.5599147734375001 0.7927272734375 0.516278409375 0.76 0.50536931875 0.7054545453125 0.5126420453125 0.6581818187499999 0.5490056812499999 0.6436363640625 0.5817329546875001 0.64 0.62900568125 0.6472727265625 0.66536931875 0.669090909375 0.7017329546875 0.69818181875 0.7235511359375
0 0.25818181875 0.6799147734375001 0.29818181875 0.6835511359375 0.3345454546875 0.6726420453124999 0.3672727265625 0.6435511359375 0.39272727343749997 0.6071875 0.3963636359375 0.5926420453125 0.3963636359375 0.5490056812499999 0.389090909375 0.5271874999999999 0.3636363640625 0.4944602265625 0.3163636359375 0.4726420453125 0.2545454546875 0.4726420453125 0.22909090937499998 0.48355113593750004 0.2072727265625 0.5017329546875 0.18181818125 0.5490056812499999 0.17818181875 0.58536931875 0.189090909375 0.62536931875 0.22181818125000002 0.6617329546875 0.25818181875 0.6799147734375001
0 0.1236363640625 0.6435511359375 0.149090909375 0.6326420453125 0.16 0.6217329546875 0.149090909375 0.5999147734375 0.1527272734375 0.5817329546875001 0.1745454546875 0.5599147734375001 0.1927272734375 0.516278409375 0.2036363640625 0.50536931875 0.2036363640625 0.4944602265625 0.1927272734375 0.476278409375 0.1672727265625 0.45446022656249996 0.14181818125 0.4435511359375 0.10545454531250001 0.4435511359375 0.05818181875 0.46173295468750003 0.02181818125 0.5199147734375 0.0145454546875 0.578096590625 0.029090909375 0.6071875 0.07272727343749999 0.6399147734375 0.1236363640625 0.6435511359375
0 0.6072727265625 0.7926420453125 0.5890909093750001 0.7780965906249999 0.5527272734374999 0.7599147734375 0.50181818125 0.7599147734375 0.49090909062500004 0.7635511359375 0.4763636359375 0.7708238640625 0.45818181874999997 0.78900568125 0.450909090625 0.8035511359375 0.4472727265625 0.82900568125 0.6254545453125 0.82900568125 0.6254545453125 0.8217329546875 0.6072727265625 0.7926420453125
0 0.7563636359375 0.82900568125 0.8400000000000001 0.82900568125 0.8400000000000001 0.818096590625 0.8472727265625 0.8071875000000001 0.8472727265625 0.7926420453125 0.850909090625 0.78900568125 0.850909090625 0.7671875 0.8472727265625 0.756278409375 0.8290909093750001 0.7308238640625 0.8072727265624999 0.716278409375 0.7927272734375 0.716278409375 0.770909090625 0.7271875 0.749090909375 0.7271875 0.730909090625 0.7344602265625 0.70181818125 0.7635511359375 0.7054545453125 0.7926420453125 0.7272727265625 0.8144602265625001 0.7563636359375 0.82900568125
3 0.24363636406250003 0.5926420453125 0.21818181874999998 0.584158409375 0.1963636359375 0.5871875 0.19030181875000002 0.6156711359375 0.2054545453125 0.6465802265625 0.2515163640625 0.6696129546875 0.310909090625 0.6708238640624999 0.341210909375 0.6544602265624999 0.3745454546875 0.6150675 0.3872727265625 0.5756711359375 0.38788 0.5514311359375 0.3715163640625 0.5387038640624999 0.310909090625 0.5277947734375 0.27999999999999997 0.5465802265625 0.27999999999999997 0.5708238640625 0.24363636406250003 0.5926420453125
3 0.43515272656250004 0.3096129546875 0.4151527265625 0.296278409375 0.3642436359375 0.2835511359375 0.32848363593749996 0.296278409375 0.3115163640625 0.30900568125 0.2933345453125 0.3320347734375 0.28302909062500003 0.3647620453125 0.29454545468750004 0.4047620453125 0.29818181875 0.42052204531250004 0.32848363593749996 0.4477947734375 0.38 0.4435511359375 0.410909090625 0.42900568124999994 0.4272727265625 0.41203477343749995 0.44000000000000006 0.38476204531249997 0.44969818124999994 0.3629438640625 0.45333454531250006 0.3399147734375 0.43515272656250004 0.3096129546875
3 0.23151636406249998 0.3399147734375 0.238789090625 0.3156711359375 0.23090909062499998 0.28779477343750004 0.203029090625 0.26294386406250003 0.18181818125 0.24476204531249998 0.1727272734375 0.22355113593749998 0.12788 0.2187038640625 0.08484727343750001 0.22779477343750001 0.049090909375000005 0.2429438640625 0.0248472734375 0.2671875 0.03393818125 0.29748931875 0.048483635937500005 0.34112568125 0.07211999999999999 0.3823402265625 0.08606181874999999 0.404158409375 0.09272727343750001 0.4199147734375 0.09272727343750001 0.4235511359375 0.13030181875 0.41870386406250004 0.17636363593749999 0.4017329546875 0.216970909375 0.36900568125 0.23151636406249998 0.3399147734375
3 0.66606181875 0.6417329546875 0.6757563640625001 0.67324931875 0.6848472734375 0.7017329546875 0.71393818125 0.7126420453125 0.7848472734375 0.690216590625 0.8145454546875 0.6787038640625 0.8381818187500001 0.6508238640624999 0.8442436359375 0.6271875 0.8290909093750001 0.596278409375 0.8084836359375001 0.5768856812500001 0.7933345453125 0.5750675000000001 0.7454545453125 0.5714311359375001 0.70181818125 0.5993075 0.6812109093750001 0.618096590625 0.66606181875 0.6417329546875
3 0.9933345453125 0.43324931875 0.963029090625 0.4023402265625 0.9424254546874999 0.3817329546875 0.9096981812499999 0.3726420453125 0.8678800000000001 0.3750675 0.8400000000000001 0.4005220453125 0.83030181875 0.42415840937500005 0.8266654546875 0.4823402265625 0.8466654546875001 0.50112568125 0.878789090625 0.5138529546874999 0.9272727265625 0.5096129546875 0.9406072734375 0.5096129546875 0.9496981812499999 0.5077947734375 0.9781818187500001 0.4926420453125 0.9933345453125 0.4738529546875 0.9963636359375 0.4496129546875 0.9933345453125 0.43324931875
3 0.6763636359375 0.49324931875000005 0.6866654546875 0.45870386406249997 0.6842436359375 0.4314311359375 0.6733345453124999 0.40355113593749997 0.649090909375 0.3635511359375 0.6133345453125 0.33748931875 0.5775745453125001 0.3338529546875 0.53212 0.3526420453125 0.52 0.384158409375 0.5084836359375 0.450216590625 0.5351527265625 0.4635511359375 0.5606072734375 0.46839840937500005 0.58788 0.47991477343750005 0.6024254546875001 0.5065802265625 0.6042436359375001 0.5265802265625 0.61818181875 0.5187038640625 0.6763636359375 0.49324931875000005
3 0.6327272734375 0.33446022656249996 0.6763636359375 0.3817329546875 0.72 0.3671875 0.7527272734375 0.338096590625 0.76 0.32355113593749996 0.7636363640625 0.2835511359375 0.7454545453125 0.23627840937500003 0.7054545453125 0.18900568125 0.6836363640625 0.178096590625 0.6327272734375 0.1708238640625 0.6036363640625 0.1817329546875 0.5854545453125 0.19627840937500002 0.5599999999999999 0.2435511359375 0.5563636359374999 0.3017329546875 0.5709090906250001 0.3126420453125 0.5890909093750001 0.3126420453125 0.6327272734375 0.33446022656249996
3 0.7672727265625 0.38536931874999997 0.7927272734375 0.40718750000000004 0.8109090906249999 0.41446022656250003 0.82181818125 0.3926420453125 0.8400000000000001 0.3744602265625 0.8690909093749999 0.3599147734375 0.9090909093749999 0.356278409375 0.9345454546875 0.3635511359375 0.94181818125 0.3708238640625 0.949090909375 0.3635511359375 0.9563636359375 0.34536931875 0.9563636359375 0.3017329546875 0.9272727265625 0.2544602265625 0.9127272734374999 0.2544602265625 0.8690909093749999 0.26900568125 0.7854545453124999 0.26536931875 0.78181818125 0.2617329546875 0.770909090625 0.26536931875 0.7672727265625 0.3126420453125 0.7563636359375 0.3417329546875 0.7563636359375 0.3671875 0.7672727265625 0.38536931874999997
3 0.7563636359375 0.22900568125 0.7854545453124999 0.258096590625 0.8072727265624999 0.26536931875 0.8654545453125 0.26536931875 0.9199999999999999 0.24718749999999998 0.94181818125 0.22173295468749998 0.9527272734375 0.1671875 0.7345454546875 0.1671875 0.74181818125 0.1999147734375 0.7563636359375 0.22900568125
3 0.048483635937500005 0.50536931875 0.02 0.5477947734375 0.02181818125 0.5593075 0.023029090625 0.5877947734375 0.035756364062500004 0.6144602265625 0.0654545453125 0.6399147734375 0.10848363593749999 0.64900568125 0.1436363640625 0.6447620453125 0.1527272734375 0.6223402265625 0.1515163640625 0.5756711359375 0.1484836359375 0.5744602265625 0.1363636359375 0.5435511359375 0.1127272734375 0.51748931875 0.07818181874999999 0.5035511359375 0.048483635937500005 0.50536931875
0 0.46909090937500003 0.756278409375 0.5454545453125 0.7526420453125 0.6 0.7090056812500001 0.6145454546875 0.66900568125 0.6145454546875 0.6399147734375 0.6 0.6071875 0.5745454546875 0.5817329546875001 0.5527272734374999 0.5744602265625 0.5127272734375 0.5744602265625 0.45818181874999997 0.5926420453125 0.4254545453125 0.6217329546875 0.41818181875000004 0.636278409375 0.41454545468750004 0.66536931875 0.42181818125000003 0.7053693187500001 0.43272727343749995 0.7235511359375 0.46909090937500003 0.756278409375
3 0.5454545453125 0.7526420453125 0.6 0.7090056812500001 0.6145454546875 0.66536931875 0.610909090625 0.62900568125 0.6 0.6071875 0.5745454546875 0.5817329546875001 0.5527272734374999 0.5744602265625 0.5127272734375 0.5744602265625 0.45818181874999997 0.5926420453125 0.4254545453125 0.6217329546875 0.41818181875000004 0.6399147734375 0.41454545468750004 0.66536931875 0.4254545453125 0.7126420453125 0.46909090937500003 0.756278409375 0.5454545453125 0.7526420453125