0 0 0.662222221875 0.022222221875 0.662222221875 0.08 0.6311111109375 0.137777778125 0.622222221875 0.2 0.622222221875 0.24444444375000002 0.64 0.262222221875 0.6311111109375 0.28444444375 0.5866666671874999 0.2888888890625 0.5466666671875 0.27555555625 0.4888888890625 0.2266666671875 0.4311111109375 0.1911111109375 0.40444444375 0.1111111109375 0.382222221875 0.062222221875 0.382222221875 0.013333332812500001 0.4 0 0.41333333281250006 0 0.662222221875
0 0 0.9288888890625 0.08444444375 0.9688888890625 0.17333333281250002 0.9688888890625 0.20888888906249997 0.95555555625 0.27999999999999997 0.8933333328125 0.3066666671875 0.8488888890625 0.31555555625 0.7466666671875 0.297777778125 0.6933333328125 0.2533333328125 0.6488888890625 0.17333333281250002 0.6266666671875 0.0711111109375 0.64 0.022222221875 0.6666666671875 0 0.6888888890625 0 0.9288888890625
0 0.44444444375 0.9111111109375001 0.5511111109375 0.91555555625 0.5911111109375 0.902222221875 0.64444444375 0.8577777781249999 0.67555555625 0.8 0.68444444375 0.7288888890624999 0.6711111109375001 0.662222221875 0.5911111109375 0.5822222218750001 0.5555555562500001 0.5688888890625 0.462222221875 0.56444444375 0.41777777812499994 0.5822222218750001 0.37333333281250003 0.617777778125 0.3288888890625 0.6933333328125 0.32444444375 0.7511111109375 0.3466666671875 0.8444444437499999 0.377777778125 0.8800000000000001 0.44444444375 0.9111111109375001
0 0.8400000000000001 0.9333333328125001 0.8977777781249999 0.9288888890625 0.96 0.902222221875 0.9911111109374999 0.8755555562499999 0.99555555625 0.657777778125 0.96 0.6266666671875 0.9111111109375001 0.6133333328125 0.8133333328125 0.6533333328125 0.7511111109375 0.6666666671875 0.71555555625 0.68444444375 0.7022222218749999 0.71555555625 0.6977777781250001 0.8044444437499999 0.72 0.8666666671875 0.7688888890625 0.91555555625 0.8400000000000001 0.9333333328125001
0 0.68444444375 0.6488888890625 0.7511111109375 0.662222221875 0.902222221875 0.6088888890625 0.9333333328125001 0.6088888890625 0.942222221875 0.59555555625 0.9511111109374999 0.47555555624999996 0.902222221875 0.3866666671875 0.8400000000000001 0.337777778125 0.79555555625 0.3288888890625 0.7111111109375 0.337777778125 0.622222221875 0.3911111109375 0.5822222218750001 0.43555555625000003 0.5733333328125 0.5066666671875 0.5911111109375 0.56444444375 0.64 0.622222221875 0.68444444375 0.6488888890625
0 0.8088888890625 0.32444444375 0.8666666671875 0.3466666671875 0.902222221875 0.377777778125 0.9288888890625 0.42222222187499997 0.9466666671875 0.42222222187499997 0.99555555625 0.37333333281250003 0.99555555625 0.19555555625 0.9111111109375001 0.15111111093750001 0.8133333328125 0.14666666718750002 0.777777778125 0.1688888890625 0.7733333328125 0.27999999999999997 0.76444444375 0.297777778125 0.76444444375 0.32444444375 0.8088888890625 0.32444444375
0 0.5511111109375 0.4 0.5911111109375 0.40888888906250004 0.7111111109375 0.3288888890625 0.742222221875 0.3288888890625 0.76 0.30222222187500003 0.7733333328125 0.24444444375000002 0.76444444375 0.16 0.7022222218749999 0.102222221875 0.6311111109375 0.08 0.56444444375 0.0888888890625 0.5066666671875 0.12 0.46666666718750005 0.17333333281250002 0.457777778125 0.24 0.48 0.3333333328125 0.52 0.382222221875 0.5511111109375 0.4
0 0.3066666671875 0.462222221875 0.3688888890625 0.4533333328125 0.41777777812499994 0.41777777812499994 0.457777778125 0.36444444374999996 0.462222221875 0.297777778125 0.44888888906249996 0.23555555625000002 0.40444444375 0.17333333281250002 0.36 0.15111111093750001 0.30222222187500003 0.14666666718750002 0.23555555625000002 0.17333333281250002 0.18222222187499998 0.21777777812500002 0.16444444375 0.2533333328125 0.16 0.3111111109375 0.1911111109375 0.3911111109375 0.2711111109375 0.4533333328125 0.3066666671875 0.462222221875
0 0 0.3911111109375 0.017777778124999997 0.3911111109375 0.0311111109375 0.382222221875 0.096297778125 0.377777778125 0.177777778125 0.3911111109375 0.177777778125 0.377777778125 0.15555555625 0.32 0.15555555625 0.2666666671875 0.177777778125 0.2133333328125 0.2 0.1911111109375 0.2 0.18222222187499998 0.142222221875 0.15111111093750001 0.08444444375 0.15111111093750001 0.04 0.1688888890625 0 0.19555555625 0 0.3911111109375
0 0.39555555625 0 0.36 0.0311111109375 0.3288888890625 0.097777778125 0.32444444375 0.11555555625 0.3333333328125 0.137777778125 0.377777778125 0.15555555625 0.41777777812499994 0.18222222187499998 0.44444444375 0.21777777812500002 0.4533333328125 0.21777777812500002 0.462222221875 0.17333333281250002 0.4933333328125 0.1288888890625 0.5466666671875 0.0888888890625 0.5822222218750001 0.08 0.5911111109375 0.0711111109375 0.5599999999999999 0.035555556249999995 0.5511111109375 0.035555556249999995 0.52 0.013333332812500001 0.47555555624999996 0 0.39555555625 0
0 0.35555555625 0.63555555625 0.39555555625 0.5911111109375 0.457777778125 0.5599999999999999 0.51555555625 0.5555555562500001 0.5866666671874999 0.5688888890625 0.5733333328125 0.52444444375 0.577777778125 0.42222222187499997 0.4933333328125 0.37333333281250003 0.457777778125 0.377777778125 0.4266666671875 0.41777777812499994 0.37333333281250003 0.457777778125 0.35555555625 0.46666666718750005 0.3111111109375 0.4711111109375 0.297777778125 0.48444444375 0.297777778125 0.5599999999999999 0.3111111109375 0.59555555625 0.342222221875 0.64 0.35555555625 0.63555555625
0 0.977777778125 0.577777778125 0.99555555625 0.59555555625 0.99555555625 0.382222221875 0.9911111109374999 0.382222221875 0.9511111109374999 0.4311111109375 0.9466666671875 0.4533333328125 0.95555555625 0.47555555624999996 0.96 0.5377777781249999 0.977777778125 0.577777778125