0 0.0224609375 0.6748046875 0.0283203125 0.677734375 0.0361328125 0.703125 0.0751953125 0.763671875 0.0810546875 0.7822265625 0.1015625 0.806640625 0.1328125 0.8349609375 0.1484375 0.8388671875 0.1591796875 0.8486328125 0.2001953125 0.8671875 0.3173828125 0.935546875 0.3525390625 0.94921875 0.3837890625 0.953125 0.396484375 0.9599609375 0.4931640625 0.9736328125 0.623046875 0.9697265625 0.6708984375 0.958984375 0.7265625 0.935546875 0.751953125 0.9208984375 0.8076171875 0.87890625 0.8935546875 0.79296875 0.9462890625 0.701171875 0.9853515625 0.59375 0.9970703125 0.5107421875 0.990234375 0.4453125 0.9599609375 0.3466796875 0.93359375 0.2978515625 0.892578125 0.2490234375 0.7587890625 0.126953125 0.7373046875 0.1142578125 0.720703125 0.109375 0.6953125 0.0830078125 0.66796875 0.0634765625 0.6005859375 0.0361328125 0.5185546875 0.0263671875 0.4755859375 0.02734375 0.3984375 0.0380859375 0.298828125 0.072265625 0.216796875 0.1142578125 0.1474609375 0.162109375 0.0810546875 0.2275390625 0.03125 0.30078125 0.009765625 0.349609375 0.001953125 0.3779296875 0 0.609375 0.01171875 0.658203125 0.0224609375 0.669921875 0.0224609375 0.6748046875
2 0.2021484375 0.6005859375 0.205078125 0.5908203125 0.19921875 0.5849609375 0.19140625 0.5849609375 0.177734375 0.5947265625 0.1767578125 0.599609375 0.181640625 0.60546875 0.1943359375 0.6083984375 0.2021484375 0.6005859375
2 0.6083984375 0.3046875 0.603515625 0.30859375 0.6064453125 0.3203125 0.6162109375 0.31640625 0.6142578125 0.306640625 0.6083984375 0.3046875
2 0.54296875 0.3994140625 0.5458984375 0.408203125 0.5546875 0.4052734375 0.5537109375 0.3974609375 0.54296875 0.3994140625
2 0.4970703125 0.3427734375 0.5 0.3525390625 0.5107421875 0.3486328125 0.5078125 0.3408203125 0.4970703125 0.3427734375
2 0.1796875 0.4033203125 0.173828125 0.40234375 0.16796875 0.4072265625 0.16796875 0.4150390625 0.1748046875 0.41796875 0.1796875 0.412109375 0.1796875 0.4033203125
2 0.419921875 0.529296875 0.41796875 0.521484375 0.4111328125 0.5185546875 0.404296875 0.5263671875 0.4033203125 0.5322265625 0.4072265625 0.537109375 0.416015625 0.5361328125 0.419921875 0.529296875
2 0.6455078125 0.6513671875 0.6435546875 0.64453125 0.6376953125 0.642578125 0.6298828125 0.646484375 0.62890625 0.658203125 0.6337890625 0.6630859375 0.640625 0.662109375 0.6455078125 0.6513671875
2 0.6123046875 0.7060546875 0.60546875 0.708984375 0.60546875 0.720703125 0.6181640625 0.7197265625 0.6181640625 0.708984375 0.6123046875 0.7060546875
2 0.8232421875 0.67578125 0.822265625 0.685546875 0.826171875 0.6865234375 0.8310546875 0.6748046875 0.8232421875 0.67578125
2 0.7392578125 0.615234375 0.740234375 0.6240234375 0.7451171875 0.6259765625 0.748046875 0.611328125 0.7392578125 0.615234375
2 0.4521484375 0.7548828125 0.4482421875 0.748046875 0.44140625 0.748046875 0.435546875 0.7529296875 0.4345703125 0.7578125 0.4384765625 0.76171875 0.447265625 0.7607421875 0.4521484375 0.7548828125