0 0.356278409375 0.5454545453125 0.38536931874999997 0.5599999999999999 0.42536931874999995 0.6 0.45082386406249997 0.6 0.4726420453125 0.5927272734375 0.4944602265625 0.57818181875 0.516278409375 0.5527272734374999 0.5235511359375 0.5272727265625 0.5235511359375 0.4945454546875 0.50536931875 0.45818181874999997 0.48355113593750004 0.43636363593749994 0.45082386406249997 0.42181818125000003 0.41082386406250004 0.42181818125000003 0.3926420453125 0.4254545453125 0.34900568125000003 0.46181818124999996 0.3417329546875 0.4763636359375 0.3417329546875 0.52 0.34900568125000003 0.5345454546874999 0.356278409375 0.5454545453125
0 0.47991477343750005 0.429090909375 0.5017329546875 0.4472727265625 0.5271874999999999 0.43636363593749994 0.5417329546875 0.41818181875000004 0.5526420453124999 0.389090909375 0.5562784093750001 0.3527272734375 0.5490056812499999 0.3163636359375 0.5271874999999999 0.28363636406250003 0.4944602265625 0.269090909375 0.46173295468750003 0.269090909375 0.41446022656250003 0.290909090625 0.38536931874999997 0.33090909062499996 0.3817329546875 0.3745454546875 0.39991477343750004 0.41818181875000004 0.458096590625 0.42181818125000003 0.47991477343750005 0.429090909375
0 0.3708238640625 0.3163636359375 0.38900568125 0.3163636359375 0.396278409375 0.3054545453125 0.46173295468750003 0.2654545453125 0.5017329546875 0.2654545453125 0.50536931875 0.25818181875 0.5017329546875 0.22181818125000002 0.4871875 0.1927272734375 0.46536931875 0.1745454546875 0.44718749999999996 0.1672727265625 0.42900568124999994 0.16363636406249998 0.38900568125 0.1672727265625 0.3417329546875 0.1927272734375 0.3271875 0.21090909062500002 0.32355113593749996 0.2545454546875 0.338096590625 0.290909090625 0.34536931875 0.30181818125 0.3708238640625 0.3163636359375
0 0.28718750000000004 0.2145454546875 0.32355113593749996 0.21090909062500002 0.34536931875 0.1854545453125 0.396278409375 0.16 0.40355113593749997 0.149090909375 0.40355113593749997 0.12 0.396278409375 0.09818181875000001 0.3708238640625 0.0763636359375 0.34536931875 0.0654545453125 0.2944602265625 0.06181818125000001 0.27264204531249997 0.069090909375 0.2399147734375 0.09818181875000001 0.2326420453125 0.1127272734375 0.2326420453125 0.14181818125 0.2544602265625 0.1927272734375 0.28718750000000004 0.2145454546875
0 0.1671875 0 0.1671875 0.10181818125 0.21446022656250002 0.12 0.22173295468749998 0.12 0.22900568125 0.1127272734375 0.23627840937500003 0.0945454546875 0.2617329546875 0.069090909375 0.26536931875 0.06181818125000001 0.26536931875 0.054545454687499995 0.2617329546875 0.050909090625 0.2617329546875 0.029090909375 0.2508238640625 0.0072727265625 0.2435511359375 0 0.1671875 0
0 0.2544602265625 0.7054545453125 0.26900568125 0.7163636359375001 0.30900568125 0.7236363640625 0.356278409375 0.70181818125 0.41446022656250003 0.69818181875 0.42536931874999995 0.690909090625 0.436278409375 0.6472727265625 0.436278409375 0.6327272734375 0.42536931874999995 0.610909090625 0.38536931874999997 0.5672727265625 0.3526420453125 0.549090909375 0.3126420453125 0.5454545453125 0.27627840937500003 0.5563636359374999 0.24718749999999998 0.5745454546875 0.22173295468749998 0.6072727265625 0.218096590625 0.61818181875 0.22173295468749998 0.6618181812499999 0.2508238640625 0.6945454546875001 0.2544602265625 0.7054545453125
0 0.21446022656250002 0.8109090906249999 0.2544602265625 0.8109090906249999 0.26536931875 0.7927272734375 0.26536931875 0.7454545453125 0.2617329546875 0.74181818125 0.2617329546875 0.7272727265625 0.24718749999999998 0.69818181875 0.2326420453125 0.6799999999999999 0.2071875 0.6654545453125 0.19627840937500002 0.6654545453125 0.1926420453125 0.6618181812499999 0.1671875 0.6618181812499999 0.1671875 0.8363636359375001 0.1817329546875 0.8254545453125001 0.21446022656250002 0.8109090906249999
0 0.21082386406250003 0.6254545453125 0.22536931875000002 0.5927272734375 0.2508238640625 0.5672727265625 0.2835511359375 0.5454545453125 0.2799147734375 0.5127272734375 0.26536931875 0.4872727265625 0.2326420453125 0.46181818124999996 0.2071875 0.450909090625 0.1671875 0.450909090625 0.1671875 0.6327272734375 0.20355113593750002 0.6327272734375 0.21082386406250003 0.6254545453125
0 0.258096590625 0.4763636359375 0.2799147734375 0.5054545453125 0.3017329546875 0.5054545453125 0.3308238640625 0.4945454546875 0.356278409375 0.450909090625 0.38900568125 0.42181818125000003 0.38536931874999997 0.3963636359375 0.3635511359375 0.3636363640625 0.32355113593749996 0.34181818124999996 0.30536931875 0.34181818124999996 0.2508238640625 0.3563636359375 0.22173295468749998 0.38181818125 0.21082386406250003 0.4 0.2071875 0.4436363640625 0.21446022656250002 0.450909090625 0.23627840937500003 0.45818181874999997 0.258096590625 0.4763636359375
0 0.18900568125 0.3454545453125 0.21082386406250003 0.3563636359375 0.2399147734375 0.36 0.27264204531249997 0.3454545453125 0.3126420453125 0.33818181875 0.3271875 0.33090909062499996 0.3308238640625 0.32 0.3308238640625 0.27999999999999997 0.30536931875 0.23272727343750002 0.2799147734375 0.2145454546875 0.2508238640625 0.2072727265625 0.22173295468749998 0.21090909062500002 0.18900568125 0.2254545453125 0.1708238640625 0.24363636406250003 0.1671875 0.250909090625 0.1671875 0.3163636359375 0.1708238640625 0.3272727265625 0.18900568125 0.3454545453125
0 0.22173295468749998 0.2072727265625 0.2326420453125 0.2072727265625 0.2435511359375 0.2 0.2435511359375 0.1745454546875 0.22536931875000002 0.13818181875 0.1999147734375 0.11636363593750002 0.178096590625 0.10909090937499999 0.1671875 0.10909090937499999 0.1671875 0.24363636406250003 0.1817329546875 0.2254545453125 0.22173295468749998 0.2072727265625
0 0.18900568125 0.4436363640625 0.1926420453125 0.43636363593749994 0.1926420453125 0.42181818125000003 0.19627840937500002 0.41818181875000004 0.19627840937500002 0.389090909375 0.1817329546875 0.3527272734375 0.1708238640625 0.34181818124999996 0.1671875 0.34181818124999996 0.1671875 0.4472727265625 0.178096590625 0.4472727265625 0.18900568125 0.4436363640625
0 0.3671875 0 0.3599147734375 0.0072727265625 0.3526420453125 0.02181818125 0.3526420453125 0.05818181875 0.38536931874999997 0.08 0.40718750000000004 0.10545454531250001 0.436278409375 0.10909090937499999 0.46536931875 0.0763636359375 0.4908238640625 0.06181818125000001 0.5126420453125 0.05818181875 0.5126420453125 0.0254545453125 0.5017329546875 0 0.3671875 0
0 0.2544602265625 0 0.2544602265625 0.0036363640625 0.258096590625 0.010909090625 0.27264204531249997 0.0254545453125 0.2799147734375 0.029090909375 0.33446022656249996 0.029090909375 0.34900568125000003 0.018181818750000002 0.34900568125000003 0.0145454546875 0.3599147734375 0 0.2544602265625 0
0 0.5017329546875 0.2036363640625 0.5199147734375 0.21090909062500002 0.5344602265625 0.2072727265625 0.58900568125 0.17090909062499998 0.6071875 0.1672727265625 0.6108238640625 0.16 0.6071875 0.1127272734375 0.58900568125 0.0836363640625 0.5671875 0.069090909375 0.5344602265625 0.06181818125000001 0.50536931875 0.06181818125000001 0.46900568125 0.0763636359375 0.44718749999999996 0.09818181875000001 0.436278409375 0.12 0.436278409375 0.16 0.46900568125 0.17090909062499998 0.5017329546875 0.2036363640625
0 0.5671875 0.3163636359375 0.58900568125 0.3163636359375 0.596278409375 0.309090909375 0.6399147734375 0.290909090625 0.6617329546875 0.290909090625 0.6871875000000001 0.29818181875 0.698096590625 0.2872727265625 0.7017329546875 0.2763636359375 0.7017329546875 0.2363636359375 0.6908238640625 0.21090909062500002 0.66900568125 0.189090909375 0.6435511359375 0.17818181875 0.6144602265625 0.17090909062499998 0.5744602265625 0.17818181875 0.5562784093750001 0.189090909375 0.5271874999999999 0.2254545453125 0.5235511359375 0.269090909375 0.5453693187499999 0.29454545468750004 0.5453693187499999 0.30181818125 0.5671875 0.3163636359375
0 0.6726420453124999 0.4436363640625 0.6835511359375 0.450909090625 0.7017329546875 0.450909090625 0.7199147734375 0.43272727343749995 0.74900568125 0.389090909375 0.74900568125 0.3636363640625 0.7344602265625 0.33090909062499996 0.716278409375 0.3163636359375 0.6726420453124999 0.29818181875 0.6435511359375 0.29454545468750004 0.6071875 0.3054545453125 0.5744602265625 0.3345454546875 0.5635511359375001 0.3527272734375 0.5599147734375001 0.4036363640625 0.5671875 0.43272727343749995 0.5817329546875001 0.4436363640625 0.6726420453124999 0.4436363640625
0 0.5744602265625 0.5672727265625 0.6035511359375 0.58181818125 0.62900568125 0.6036363640625 0.6799147734375001 0.5854545453125 0.7308238640625 0.5236363640625 0.7271875 0.50181818125 0.716278409375 0.48 0.698096590625 0.46181818124999996 0.658096590625 0.4436363640625 0.5926420453125 0.4472727265625 0.5635511359375001 0.46181818124999996 0.5417329546875 0.4836363640625 0.5308238640625 0.5054545453125 0.5344602265625 0.5563636359374999 0.5453693187499999 0.5636363640625001 0.5744602265625 0.5672727265625
0 0.5417329546875 0.749090909375 0.58900568125 0.7345454546875 0.6217329546875 0.70181818125 0.6435511359375 0.669090909375 0.6435511359375 0.6472727265625 0.62900568125 0.610909090625 0.596278409375 0.58181818125 0.5526420453124999 0.5672727265625 0.50900568125 0.5745454546875 0.47991477343750005 0.5927272734375 0.45082386406249997 0.62181818125 0.4399147734375 0.6436363640625 0.436278409375 0.6581818187499999 0.4399147734375 0.70181818125 0.498096590625 0.7454545453125 0.5417329546875 0.749090909375
0 0.3671875 0.8836363640625 0.4217329546875 0.8800000000000001 0.45446022656249996 0.8690909093749999 0.476278409375 0.850909090625 0.50900568125 0.8036363640624999 0.50900568125 0.7745454546875 0.4944602265625 0.749090909375 0.46900568125 0.7272727265625 0.4217329546875 0.7054545453125 0.34900568125000003 0.709090909375 0.316278409375 0.7272727265625 0.2944602265625 0.76 0.28718750000000004 0.78181818125 0.2908238640625 0.81818181875 0.3417329546875 0.8763636359375001 0.3671875 0.8836363640625
0 0.3017329546875 0.989090909375 0.3417329546875 0.9272727265625 0.338096590625 0.8872727265625 0.31991477343749997 0.8545454546875 0.2944602265625 0.8290909093750001 0.2617329546875 0.8145454546875 0.218096590625 0.8145454546875 0.178096590625 0.8327272734375001 0.1671875 0.8436363640625 0.1671875 0.9963636359375 0.2908238640625 0.9963636359375 0.3017329546875 0.989090909375
0 0.5126420453125 0.96 0.5017329546875 0.9454545453125001 0.4726420453125 0.9199999999999999 0.44718749999999996 0.9127272734374999 0.3926420453125 0.9127272734374999 0.378096590625 0.9163636359374999 0.356278409375 0.930909090625 0.3308238640625 0.9636363640625 0.31991477343749997 0.9854545453125001 0.31991477343749997 0.9963636359375 0.5235511359375 0.9963636359375 0.5126420453125 0.96
0 0.5417329546875 0.9636363640625 0.578096590625 0.9672727265625 0.6144602265625 0.9527272734375 0.66900568125 0.949090909375 0.6835511359375 0.9272727265625 0.6871875000000001 0.8836363640625 0.676278409375 0.8545454546875 0.6617329546875 0.8290909093750001 0.6435511359375 0.8109090906249999 0.6217329546875 0.8 0.5526420453124999 0.7963636359375 0.5199147734375 0.8072727265624999 0.50900568125 0.8145454546875 0.47991477343750005 0.8545454546875 0.476278409375 0.8872727265625 0.48355113593750004 0.9054545453125 0.5199147734375 0.949090909375 0.5417329546875 0.9636363640625
0 0.6944602265625 0.850909090625 0.7053693187500001 0.850909090625 0.7308238640625 0.8290909093750001 0.7817329546875 0.8109090906249999 0.7999147734375 0.7745454546875 0.8035511359375 0.730909090625 0.7962784093749999 0.70181818125 0.7817329546875 0.6836363640625 0.7271875 0.6581818187499999 0.6835511359375 0.6581818187499999 0.6508238640624999 0.6727272734375 0.636278409375 0.6872727265624999 0.6108238640625 0.730909090625 0.6071875 0.78181818125 0.6435511359375 0.8036363640624999 0.6799147734375001 0.8436363640625 0.6944602265625 0.850909090625
0 0.7526420453125 0.6618181812499999 0.7635511359375 0.6618181812499999 0.78900568125 0.6763636359375 0.8144602265625001 0.6727272734375 0.82900568125 0.6799999999999999 0.82900568125 0.5163636359375 0.8217329546875 0.5127272734375 0.756278409375 0.5163636359375 0.7199147734375 0.54181818125 0.7053693187500001 0.5672727265625 0.7017329546875 0.5963636359375 0.7090056812500001 0.6254545453125 0.7308238640625 0.650909090625 0.7526420453125 0.6618181812499999
0 0.756278409375 0.509090909375 0.82900568125 0.5127272734375 0.82900568125 0.3745454546875 0.8217329546875 0.370909090625 0.7926420453125 0.370909090625 0.7635511359375 0.38181818125 0.738096590625 0.410909090625 0.7235511359375 0.43636363593749994 0.7199147734375 0.4727272734375 0.7417329546875 0.509090909375 0.7526420453125 0.5127272734375 0.756278409375 0.509090909375
0 0.7417329546875 0.3345454546875 0.756278409375 0.3672727265625 0.7635511359375 0.3745454546875 0.78536931875 0.370909090625 0.78900568125 0.3672727265625 0.8144602265625001 0.3672727265625 0.818096590625 0.370909090625 0.82900568125 0.370909090625 0.82900568125 0.2545454546875 0.7999147734375 0.2545454546875 0.7962784093749999 0.25818181875 0.7744602265625 0.26181818125 0.7671875 0.2654545453125 0.74900568125 0.28363636406250003 0.7417329546875 0.30181818125 0.7344602265625 0.309090909375 0.7344602265625 0.3272727265625 0.7417329546875 0.3345454546875
0 0.756278409375 0.2654545453125 0.82900568125 0.24727272656250002 0.82900568125 0.149090909375 0.818096590625 0.13818181875 0.78536931875 0.1236363640625 0.7417329546875 0.1272727265625 0.7126420453125 0.1527272734375 0.7017329546875 0.1745454546875 0.698096590625 0.2145454546875 0.7126420453125 0.24363636406250003 0.7271875 0.2545454546875 0.756278409375 0.2654545453125
0 0.6471875 0.16363636406249998 0.658096590625 0.1745454546875 0.6726420453124999 0.17818181875 0.6908238640625 0.17818181875 0.7017329546875 0.1672727265625 0.7126420453125 0.1454545453125 0.7671875 0.11636363593750002 0.7817329546875 0.11636363593750002 0.7817329546875 0.0945454546875 0.7635511359375 0.06181818125000001 0.7271875 0.0363636359375 0.7053693187500001 0.0363636359375 0.7017329546875 0.032727273437499996 0.6726420453124999 0.0363636359375 0.6435511359375 0.054545454687499995 0.618096590625 0.090909090625 0.6144602265625 0.12 0.6217329546875 0.1454545453125 0.6399147734375 0.16363636406249998 0.6471875 0.16363636406249998
0 0.5271874999999999 0 0.5199147734375 0.0072727265625 0.5199147734375 0.0363636359375 0.5271874999999999 0.054545454687499995 0.5344602265625 0.05818181875 0.5490056812499999 0.05818181875 0.5817329546875001 0.07272727343749999 0.58900568125 0.08 0.6108238640625 0.08 0.6508238640624999 0.0436363640625 0.6726420453124999 0.032727273437499996 0.676278409375 0.0254545453125 0.6726420453124999 0 0.5271874999999999 0
0 0.7017329546875 0 0.698096590625 0.010909090625 0.698096590625 0.0254545453125 0.7017329546875 0.029090909375 0.7271875 0.032727273437499996 0.7417329546875 0.04 0.756278409375 0.054545454687499995 0.7599147734375 0.054545454687499995 0.7780965906249999 0.0763636359375 0.78536931875 0.08 0.7926420453125 0.08 0.818096590625 0.054545454687499995 0.82900568125 0.050909090625 0.82900568125 0 0.7017329546875 0
0 0.82900568125 0.13818181875 0.82900568125 0.050909090625 0.8217329546875 0.054545454687499995 0.8071875000000001 0.069090909375 0.7926420453125 0.09818181875000001 0.7926420453125 0.10909090937499999 0.78900568125 0.11636363593750002 0.7962784093749999 0.1236363640625 0.82900568125 0.13818181875
0 0.8108238640625001 0.8072727265624999 0.818096590625 0.8145454546875 0.82900568125 0.81818181875 0.82900568125 0.7054545453125 0.8144602265625001 0.7236363640625 0.8071875000000001 0.7454545453125 0.8071875000000001 0.7927272734375 0.8108238640625001 0.7963636359375 0.8108238640625001 0.8072727265624999
0 0.7308238640625 0.9963636359375 0.82900568125 0.9963636359375 0.82900568125 0.82181818125 0.7926420453125 0.8145454546875 0.74900568125 0.8254545453125001 0.7235511359375 0.8400000000000001 0.7090056812500001 0.8545454546875 0.6944602265625 0.8800000000000001 0.6908238640625 0.89818181875 0.6944602265625 0.9454545453125001 0.7017329546875 0.9636363640625 0.7308238640625 0.9963636359375
0 0.698096590625 0.9672727265625 0.6617329546875 0.9527272734375 0.636278409375 0.9527272734375 0.596278409375 0.9636363640625 0.5671875 0.9781818187500001 0.5562784093750001 0.989090909375 0.5526420453124999 0.9963636359375 0.7235511359375 0.9963636359375 0.7235511359375 0.9927272734375 0.698096590625 0.9672727265625