0 0.4511784515625 0.2881365734375 0.48821548750000004 0.3184396046875 0.5151515156250001 0.3184396046875 0.528619528125 0.304971590625 0.5353535359375 0.27466856093750003 0.5319865312500001 0.2713015578125 0.5319865312500001 0.261200546875 0.525252525 0.24436552968749997 0.51851851875 0.2409985265625 0.4646464640625 0.2409985265625 0.4511784515625 0.25109953749999997 0.44444444375 0.26456755 0.44444444375 0.27803556406249996 0.44781144843750004 0.2881365734375 0.4511784515625 0.2881365734375
0 0.5555555562500001 0.3588436453125 0.572390571875 0.3655776515625 0.60606060625 0.3521096375 0.6127946125 0.34537563125 0.6228956234374999 0.32517361093749997 0.6228956234374999 0.311705596875 0.6127946125 0.2881365734375 0.60606060625 0.2814025671875 0.5892255890625 0.27466856093750003 0.572390571875 0.27466856093750003 0.5622895625 0.27803556406249996 0.5488215484375 0.2881365734375 0.5454545453125 0.2881365734375 0.5353535359375 0.298237584375 0.5319865312500001 0.30833859375 0.5319865312500001 0.32517361093749997 0.5420875421875 0.34537563125 0.5555555562500001 0.3588436453125
0 0.64309764375 0.5911668765625 0.65656565625 0.5911668765625 0.659932659375 0.5945338812500001 0.6835016828125 0.5911668765625 0.7104377109375 0.55749684375 0.7239057234375 0.5507628359375001 0.7306397312499999 0.5339278203125 0.7306397312499999 0.5069917921875 0.7272727265625 0.49689078281250004 0.7104377109375 0.48005576562499996 0.6835016828125 0.46658775312499995 0.6700336703125 0.46658775312499995 0.6397306390625 0.4766887625 0.6228956234374999 0.4901567765625 0.6127946125 0.5069917921875 0.609427609375 0.517092803125 0.6127946125 0.560863846875 0.6228956234374999 0.5776988640625 0.64309764375 0.5911668765625
0 0.747474746875 0.6753419609375 0.78114478125 0.6719749578124999 0.8047138046875 0.6517729375 0.8148148140625 0.6248369109375 0.8148148140625 0.5945338812500001 0.8013468015624999 0.57096485625 0.791245790625 0.560863846875 0.7676767671875 0.5507628359375001 0.7306397312499999 0.5507628359375001 0.703703703125 0.5642308500000001 0.690235690625 0.5844328703125 0.6868686875 0.611368896875 0.7070707078125 0.6181029046875001 0.7171717171875 0.6282039140625 0.747474746875 0.6753419609375
0 0.4107744109375 0.7830860687500001 0.5117845125 0.7830860687500001 0.521885521875 0.7494160359375 0.521885521875 0.7157460015625 0.5117845125 0.6955439812499999 0.4949494953125 0.68207596875 0.478114478125 0.6753419609375 0.4511784515625 0.6753419609375 0.4175084171875 0.692176978125 0.4040404046875 0.7123789984375 0.40067339999999996 0.74604903125 0.4040404046875 0.7494160359375 0.4040404046875 0.7662510515625 0.4107744109375 0.7830860687500001
0 0.21885521875 0.735948021875 0.225589225 0.739315025 0.25589225625 0.739315025 0.27609427656249996 0.729214015625 0.2895622890625 0.7157460015625 0.2929292921875 0.7090119953125 0.2929292921875 0.692176978125 0.27609427656249996 0.6517729375 0.2626262625 0.638304925 0.252525253125 0.6349379203125001 0.225589225 0.6349379203125001 0.2053872046875 0.64503893125 0.1952861953125 0.655139940625 0.1885521890625 0.6686079546875 0.1885521890625 0.6955439812499999 0.1986531984375 0.7123789984375 0.21885521875 0.735948021875
0 0.1380471375 0.6618739484375 0.1380471375 0.68207596875 0.1447811453125 0.6888099750000001 0.175084175 0.6888099750000001 0.18181818125 0.692176978125 0.2053872046875 0.641671928125 0.2121212125 0.638304925 0.2121212125 0.6282039140625 0.2053872046875 0.611368896875 0.1986531984375 0.6046348906250001 0.1885521890625 0.6012678874999999 0.175084175 0.6012678874999999 0.171717171875 0.6046348906250001 0.1616161609375 0.6046348906250001 0.1548821546875 0.60800189375 0.1481481484375 0.6147359 0.1380471375 0.6349379203125001 0.1380471375 0.64503893125 0.13468013437499998 0.648405934375 0.13468013437499998 0.65850694375 0.1380471375 0.6618739484375
0 0.20875420937500003 0.5271938125 0.21548821562499998 0.5339278203125 0.2323232328125 0.5406618265625001 0.2390572390625 0.5406618265625001 0.27272727343750003 0.517092803125 0.2794612796875 0.5103587968750001 0.2861952859375 0.49689078281250004 0.2828282828125 0.4766887625 0.26936026874999996 0.4632207484375 0.25589225625 0.4564867421875 0.22895622968749998 0.4598537453125 0.222222221875 0.4632207484375 0.2053872046875 0.48005576562499996 0.2053872046875 0.48342276875 0.1986531984375 0.4901567765625 0.1986531984375 0.5069917921875 0.20875420937500003 0.5271938125
0 0.4040404046875 0.4867897734375 0.44444444375 0.46658775312499995 0.4646464640625 0.46658775312499995 0.46801346875 0.4598537453125 0.46801346875 0.4430187296875 0.46127946093750005 0.429550715625 0.4511784515625 0.422816709375 0.44444444375 0.422816709375 0.42760942812499997 0.4059816921875 0.4175084171875 0.40261468906250003 0.4040404046875 0.40261468906250003 0.390572390625 0.40934869531249996 0.38047138125 0.4194497046875 0.3771043765625 0.4261837125 0.3771043765625 0.46658775312499995 0.383838384375 0.4766887625 0.4040404046875 0.4867897734375
0 0.397306396875 0.5507628359375001 0.4074074078125 0.560863846875 0.4074074078125 0.5642308500000001 0.4208754203125 0.57096485625 0.42760942812499997 0.57096485625 0.441077440625 0.560863846875 0.48484848437499994 0.5406618265625001 0.4949494953125 0.5406618265625001 0.4983164984375 0.5372948234375 0.5016835015625001 0.5271938125 0.5016835015625001 0.5137258 0.4915824921875 0.49352377968749994 0.46801346875 0.473321759375 0.434343434375 0.473321759375 0.4141414140625 0.48342276875 0.4040404046875 0.49352377968749994 0.40067339999999996 0.5036247890625 0.39393939375000003 0.5103587968750001 0.39393939375000003 0.5406618265625001 0.397306396875 0.5507628359375001
0 0.572390571875 0.52045980625 0.5959595953125 0.52045980625 0.602693603125 0.517092803125 0.6127946125 0.5036247890625 0.616161615625 0.49352377968749994 0.6329966328125 0.4766887625 0.6296296296875 0.4564867421875 0.6228956234374999 0.4497527359375 0.6228956234374999 0.4463857328125 0.61952861875 0.4463857328125 0.60606060625 0.43291771875 0.56902356875 0.429550715625 0.5555555562500001 0.436284721875 0.5353535359375 0.4564867421875 0.5353535359375 0.5002577859375 0.5454545453125 0.5103587968750001 0.572390571875 0.52045980625
0 0.6734006734375 0.32517361093749997 0.6767676765624999 0.32180660781250003 0.6868686875 0.32180660781250003 0.696969696875 0.3150726015625 0.7003367 0.27466856093750003 0.7070707078125 0.254466540625 0.7070707078125 0.24436552968749997 0.7003367 0.2376315234375 0.6868686875 0.23089751718749998 0.6700336703125 0.23089751718749998 0.659932659375 0.2342645203125 0.64983165 0.2409985265625 0.64983165 0.247732534375 0.6296296296875 0.26793455312500003 0.6262626265625 0.27466856093750003 0.6262626265625 0.304971590625 0.64309764375 0.32180660781250003 0.6734006734375 0.32517361093749997
0 0.7239057234375 0.3319076171875 0.740740740625 0.3319076171875 0.747474746875 0.335274621875 0.7508417515625 0.3319076171875 0.7643097640625001 0.3319076171875 0.777777778125 0.32180660781250003 0.78114478125 0.3150726015625 0.78114478125 0.298237584375 0.7946127953125 0.2713015578125 0.7878787875000001 0.254466540625 0.78114478125 0.247732534375 0.7609427609375 0.2376315234375 0.740740740625 0.2376315234375 0.7373737375 0.2409985265625 0.7272727265625 0.2409985265625 0.7205387203125 0.24436552968749997 0.703703703125 0.26456755 0.7003367 0.27466856093750003 0.7003367 0.311705596875 0.7138047140625 0.3285406140625 0.7239057234375 0.3319076171875
0 0.7878787875000001 0.3285406140625 0.7946127953125 0.338641625 0.8080808078124999 0.34537563125 0.8518518515625001 0.3622106484375 0.865319865625 0.3622106484375 0.875420875 0.3588436453125 0.8922558921875 0.342008628125 0.8922558921875 0.3319076171875 0.8956228953125001 0.3285406140625 0.8956228953125001 0.30833859375 0.8989898984375 0.304971590625 0.8989898984375 0.2847695703125 0.8922558921875 0.2713015578125 0.8720538718749999 0.25783354375 0.8619528624999999 0.25783354375 0.8585858578125001 0.254466540625 0.821548821875 0.254466540625 0.7979797984375 0.27466856093750003 0.7946127953125 0.2847695703125 0.7878787875000001 0.291503578125 0.7878787875000001 0.30833859375 0.784511784375 0.311705596875 0.7878787875000001 0.3184396046875 0.7878787875000001 0.3285406140625
0 0.7575757578125 0.4430187296875 0.774410775 0.4497527359375 0.78114478125 0.4497527359375 0.784511784375 0.4463857328125 0.7946127953125 0.4194497046875 0.8047138046875 0.40934869531249996 0.828282828125 0.39588068125000003 0.835016834375 0.39588068125000003 0.8417508421875001 0.389146675 0.8383838390625 0.36894465468750004 0.821548821875 0.3521096375 0.8013468015624999 0.348742634375 0.7979797984375 0.34537563125 0.784511784375 0.34537563125 0.7676767671875 0.3521096375 0.747474746875 0.3723116578125 0.740740740625 0.385779671875 0.740740740625 0.41608270156250005 0.74410774375 0.4261837125 0.7575757578125 0.4430187296875
0 0.6397306390625 0.7157460015625 0.65656565625 0.73258101875 0.6666666671875 0.735948021875 0.6700336703125 0.73258101875 0.690235690625 0.73258101875 0.69360269375 0.735948021875 0.7003367 0.735948021875 0.7171717171875 0.729214015625 0.7340067343750001 0.7123789984375 0.740740740625 0.698910984375 0.740740740625 0.6753419609375 0.7205387203125 0.638304925 0.7070707078125 0.6214699078125 0.690235690625 0.6147359 0.653198653125 0.6147359 0.6262626265625 0.64503893125 0.6228956234374999 0.655139940625 0.6228956234374999 0.6787089640625 0.6296296296875 0.698910984375 0.6397306390625 0.7157460015625
0 0.12457912499999999 0.7763520625 0.1380471375 0.7830860687500001 0.20202020156249997 0.7830860687500001 0.20875420937500003 0.7662510515625 0.20875420937500003 0.7561500421875 0.2121212125 0.7527830390625 0.20875420937500003 0.7494160359375 0.20875420937500003 0.735948021875 0.20202020156249997 0.7224800078125 0.18181818125 0.698910984375 0.175084175 0.6955439812499999 0.1447811453125 0.6955439812499999 0.12457912499999999 0.7056449921875 0.1144781140625 0.7191130046875001 0.1111111109375 0.7258470124999999 0.1111111109375 0.7527830390625 0.11784511718749999 0.76961805625 0.12457912499999999 0.7763520625
0 0.05723905781250001 0.7729850593750001 0.084175084375 0.7830860687500001 0.09427609375 0.7830860687500001 0.10101010156250001 0.7797190656249999 0.10774410781249999 0.76961805625 0.10774410781249999 0.7157460015625 0.097643096875 0.7056449921875 0.0875420875 0.7022779875 0.0740740734375 0.7022779875 0.06734006718749999 0.7056449921875 0.050505049999999996 0.7258470124999999 0.04377104375 0.74604903125 0.04377104375 0.7595170453125 0.047138046875 0.7662510515625 0.05723905781250001 0.7729850593750001
0 0.097643096875 0.6753419609375 0.097643096875 0.6854429718749999 0.1111111109375 0.6955439812499999 0.11784511718749999 0.6955439812499999 0.13131313125 0.6888099750000001 0.13468013437499998 0.68207596875 0.13131313125 0.6787089640625 0.13131313125 0.648405934375 0.14141414218749998 0.6282039140625 0.1447811453125 0.60800189375 0.13131313125 0.597900884375 0.10101010156250001 0.6046348906250001 0.084175084375 0.6214699078125 0.084175084375 0.655139940625 0.090909090625 0.6719749578124999 0.097643096875 0.6753419609375
0 0.26936026874999996 0.560863846875 0.2895622890625 0.57096485625 0.303030303125 0.57096485625 0.309764309375 0.5642308500000001 0.32323232343749997 0.55749684375 0.32323232343749997 0.5473958328124999 0.296296296875 0.523826809375 0.2861952859375 0.52045980625 0.26599326562500003 0.523826809375 0.259259259375 0.5271938125 0.24579124531250002 0.5406618265625001 0.24242424218749997 0.5473958328124999 0.24242424218749997 0.55749684375 0.24579124531250002 0.560863846875 0.26936026874999996 0.560863846875
0 0.8821548828125 0.7494160359375 0.8585858578125001 0.7258470124999999 0.824915825 0.7090119953125 0.8080808078124999 0.7090119953125 0.7979797984375 0.7157460015625 0.777777778125 0.7191130046875001 0.7508417515625 0.7426820281250001 0.74410774375 0.7561500421875 0.740740740625 0.7830860687500001 0.8922558921875 0.7830860687500001 0.8888888890625 0.7628840484375 0.8821548828125 0.7494160359375
0 0.875420875 0.7157460015625 0.9124579125000001 0.7123789984375 0.9225589218750001 0.7022779875 0.9225589218750001 0.6854429718749999 0.95622895625 0.6349379203125001 0.95622895625 0.6248369109375 0.9494949500000001 0.60800189375 0.9326599328125 0.5911668765625 0.9158249156249999 0.5844328703125 0.86868686875 0.5844328703125 0.8585858578125001 0.5911668765625 0.828282828125 0.6248369109375 0.824915825 0.6349379203125001 0.824915825 0.6719749578124999 0.8451178453124999 0.698910984375 0.875420875 0.7157460015625
0 0.9427609421875 0.729214015625 0.952861953125 0.739315025 0.9730639734375 0.739315025 0.996632996875 0.729214015625 0.996632996875 0.6349379203125001 0.9696969703124999 0.6349379203125001 0.9595959593750001 0.638304925 0.946127946875 0.648405934375 0.9326599328125 0.6686079546875 0.9292929296875 0.6787089640625 0.9259259265625 0.7056449921875 0.9326599328125 0.7224800078125 0.9393939390625 0.729214015625 0.9427609421875 0.729214015625
0 0.8821548828125 0.25783354375 0.902356903125 0.27803556406249996 0.9158249156249999 0.27803556406249996 0.9259259265625 0.26793455312500003 0.9393939390625 0.26456755 0.9427609421875 0.261200546875 0.9730639734375 0.261200546875 0.9831649828125 0.247732534375 0.9831649828125 0.2140625 0.8888888890625 0.2140625 0.8821548828125 0.23089751718749998 0.8821548828125 0.25783354375
0 0.9158249156249999 0.3554766421875 0.9292929296875 0.3622106484375 0.9494949500000001 0.3655776515625 0.9595959593750001 0.3554766421875 0.9797979796874999 0.348742634375 0.996632996875 0.3285406140625 0.996632996875 0.27803556406249996 0.9797979796874999 0.26793455312500003 0.9696969703124999 0.26456755 0.9427609421875 0.26456755 0.9326599328125 0.26793455312500003 0.9259259265625 0.27466856093750003 0.9225589218750001 0.27466856093750003 0.9057239062500001 0.29487058125 0.902356903125 0.304971590625 0.902356903125 0.3319076171875 0.9057239062500001 0.342008628125 0.9158249156249999 0.3554766421875
0 0.7946127953125 0.49352377968749994 0.8148148140625 0.5069917921875 0.835016834375 0.5069917921875 0.8451178453124999 0.5036247890625 0.875420875 0.4901567765625 0.8855218859375 0.48342276875 0.8922558921875 0.473321759375 0.8888888890625 0.46995475625000005 0.8888888890625 0.4598537453125 0.875420875 0.43291771875 0.8720538718749999 0.40934869531249996 0.86868686875 0.40934869531249996 0.8585858578125001 0.3992476859375 0.828282828125 0.3992476859375 0.8148148140625 0.4059816921875 0.791245790625 0.429550715625 0.7878787875000001 0.43965172499999994 0.7878787875000001 0.473321759375 0.7946127953125 0.48342276875 0.7946127953125 0.49352377968749994
0 0.43097643124999996 0.6214699078125 0.441077440625 0.6349379203125001 0.45454545468749996 0.641671928125 0.47474747500000003 0.6618739484375 0.4949494953125 0.6618739484375 0.5151515156250001 0.6517729375 0.528619528125 0.638304925 0.5319865312500001 0.6282039140625 0.5319865312500001 0.5810658671875 0.525252525 0.567597853125 0.5050505046875 0.5507628359375001 0.4983164984375 0.5473958328124999 0.4646464640625 0.5473958328124999 0.43097643124999996 0.5743318609375 0.42760942812499997 0.5844328703125 0.42760942812499997 0.5911668765625 0.43097643124999996 0.5945338812500001 0.43097643124999996 0.6214699078125
0 0.3333333328125 0.5406618265625001 0.34343434375 0.5507628359375001 0.36700336718750004 0.560863846875 0.3771043765625 0.5642308500000001 0.39393939375000003 0.5642308500000001 0.397306396875 0.560863846875 0.397306396875 0.554129840625 0.39393939375000003 0.5507628359375001 0.39393939375000003 0.5406618265625001 0.390572390625 0.5372948234375 0.390572390625 0.5137258 0.40067339999999996 0.49689078281250004 0.40067339999999996 0.4901567765625 0.3771043765625 0.4766887625 0.35690235625 0.4766887625 0.35016835 0.48342276875 0.346801346875 0.48342276875 0.3333333328125 0.5002577859375 0.3333333328125 0.5103587968750001 0.3299663296875 0.5137258 0.3299663296875 0.5305608171875 0.3333333328125 0.5406618265625001
0 0.3703703703125 0.7123789984375 0.3771043765625 0.7157460015625 0.383838384375 0.7157460015625 0.3872053875 0.7123789984375 0.40067339999999996 0.7123789984375 0.4074074078125 0.698910984375 0.42760942812499997 0.68207596875 0.44781144843750004 0.6753419609375 0.4511784515625 0.6719749578124999 0.46127946093750005 0.6719749578124999 0.4646464640625 0.6686079546875 0.46127946093750005 0.655139940625 0.44781144843750004 0.641671928125 0.4377104375 0.638304925 0.43097643124999996 0.6315709171874999 0.4074074078125 0.6315709171874999 0.3872053875 0.638304925 0.38047138125 0.641671928125 0.36700336718750004 0.655139940625 0.3636363640625 0.6618739484375 0.3636363640625 0.6719749578124999 0.3602693609375 0.6753419609375 0.3602693609375 0.692176978125 0.3703703703125 0.7123789984375
0 0.2861952859375 0.6753419609375 0.303030303125 0.698910984375 0.309764309375 0.7022779875 0.3265993265625 0.7022779875 0.3299663296875 0.7056449921875 0.340067340625 0.7022779875 0.353535353125 0.6888099750000001 0.35690235625 0.6787089640625 0.35690235625 0.65850694375 0.3602693609375 0.655139940625 0.35690235625 0.648405934375 0.35690235625 0.638304925 0.346801346875 0.6282039140625 0.3333333328125 0.6282039140625 0.3299663296875 0.6248369109375 0.303030303125 0.6248369109375 0.296296296875 0.6282039140625 0.296296296875 0.6315709171874999 0.2828282828125 0.64503893125 0.2828282828125 0.6652409515625 0.2861952859375 0.6753419609375