0 0.1598837203125 0.5345930234375 0.22093023281250002 0.52587209375 0.26162790625 0.5084302328125 0.2877906984375 0.4880813953125 0.308139534375 0.45610465156249996 0.3139534890625 0.4125 0.308139534375 0.3747093015625 0.2732558140625 0.3369186046875 0.24418604687499998 0.3223837203125 0.07848837187499999 0.3252906984375 0.0377906984375 0.345639534375 0.0029069765625 0.386337209375 0 0.4619186046875 0.052325581249999996 0.5113372093749999 0.10174418593750001 0.5287790703125 0.1598837203125 0.5345930234375
0 0.316860465625 0.6334302328125 0.3662790703125 0.6305232562499999 0.3924418609375 0.621802325 0.4186046515625 0.6014534890625 0.43313953437499997 0.5752906984374999 0.4389534890625 0.5142441859375 0.42732558125000003 0.496802325 0.38662790625 0.47645348906249996 0.3255813953125 0.47645348906249996 0.3052325578125 0.4822674421875 0.2877906984375 0.490988371875 0.2587209296875 0.5200581390625 0.25 0.5375 0.255813953125 0.5840116281250001 0.28197674375 0.615988371875 0.316860465625 0.6334302328125
0 0.5726744187499999 0.5607558140625 0.61337209375 0.5607558140625 0.6337209296874999 0.5549418609375001 0.6540697671875 0.543313953125 0.665697675 0.5287790703125 0.665697675 0.5026162796875 0.65697674375 0.4880813953125 0.6424418609375 0.47645348906249996 0.6279069765624999 0.47063953437499995 0.6279069765624999 0.46482558125000006 0.6075581390625 0.45029069843749997 0.5726744187499999 0.45029069843749997 0.5610465109375 0.47645348906249996 0.5552325578125 0.4822674421875 0.5552325578125 0.4880813953125 0.53197674375 0.5084302328125 0.5290697671875 0.5142441859375 0.53197674375 0.5287790703125 0.558139534375 0.5549418609375001 0.5726744187499999 0.5607558140625
0 0.46220930156250006 0.5113372093749999 0.5087209296874999 0.5113372093749999 0.5348837203125 0.49970930156250004 0.5610465109375 0.47063953437499995 0.5697674421875 0.44447674375 0.566860465625 0.427034884375 0.5552325578125 0.40959302343750004 0.53197674375 0.3892441859375 0.505813953125 0.3747093015625 0.4651162796875 0.3630813953125 0.3982558140625 0.365988371875 0.36337209375 0.386337209375 0.34883720937499996 0.40377907031250004 0.34302325625 0.42122092968749997 0.3401162796875 0.438662790625 0.3517441859375 0.4677325578125 0.40116279062500004 0.479360465625 0.46220930156250006 0.5113372093749999
0 0.7296511625 0.6363372093749999 0.735465115625 0.6450581390625 0.7470930234375001 0.6450581390625 0.7936046515624999 0.61017441875 0.8313953484375001 0.5898255812500001 0.8313953484375001 0.5811046515625 0.8226744187499999 0.563662790625 0.8052325578125 0.543313953125 0.76162790625 0.522965115625 0.7151162796875 0.522965115625 0.6976744187499999 0.5287790703125 0.6802325578125 0.5375 0.6598837203125 0.5607558140625 0.6540697671875 0.578197675 0.65697674375 0.5898255812500001 0.6889534890625 0.604360465625 0.7296511625 0.6363372093749999
0 0.9796511625000001 0.6915697671875 0.9796511625000001 0.668313953125 0.9680232562500001 0.6392441859375 0.9360465109374999 0.6130813953125 0.889534884375 0.5927325578125 0.8401162796874999 0.5927325578125 0.8139534890625001 0.6014534890625 0.76162790625 0.6363372093749999 0.744186046875 0.656686046875 0.744186046875 0.6915697671875 0.7529069765624999 0.7090116281250001 0.9709302328125 0.7090116281250001 0.9796511625000001 0.6915697671875
0 0.73837209375 0.668313953125 0.7296511625 0.6421511625 0.6889534890625 0.6072674421875 0.6482558140625 0.5927325578125 0.59302325625 0.595639534375 0.5377906984374999 0.6188953484375 0.5232558140625 0.6334302328125 0.5029069765624999 0.6712209296875 0.5029069765624999 0.7090116281250001 0.73837209375 0.7090116281250001 0.7412790703125001 0.703197675 0.73837209375 0.668313953125
0 0.40116279062500004 0.69447674375 0.4302325578125 0.7090116281250001 0.4796511625 0.7090116281250001 0.494186046875 0.6973837203125 0.49709302343750006 0.6799418609375001 0.5174418609375 0.6392441859375 0.5174418609375 0.6247093015625 0.5087209296874999 0.6072674421875 0.4796511625 0.5811046515625 0.46220930156250006 0.5752906984374999 0.4360465109375 0.5752906984374999 0.4244186046875 0.5985465109375 0.4040697671875 0.6188953484375 0.3546511625 0.6363372093749999 0.328488371875 0.6363372093749999 0.3197674421875 0.647965115625 0.316860465625 0.668313953125 0.32267441875 0.6828488375 0.3459302328125 0.6828488375 0.40116279062500004 0.69447674375
0 0.2732558140625 0.7090116281250001 0.30232558125 0.6915697671875 0.316860465625 0.647965115625 0.3139534890625 0.6363372093749999 0.2848837203125 0.621802325 0.2674418609375 0.604360465625 0.24418604687499998 0.552034884375 0.2063953484375 0.5345930234375 0.1162790703125 0.5404069765624999 0.0755813953125 0.5723837203125 0.055232557812500006 0.6072674421875 0.052325581249999996 0.6305232562499999 0.0610465109375 0.6828488375 0.0901162796875 0.7090116281250001 0.2732558140625 0.7090116281250001
0 0 0.7090116281250001 0.0377906984375 0.7090116281250001 0.055232557812500006 0.6828488375 0.055232557812500006 0.647965115625 0.040697675 0.615988371875 0.0029069765625 0.5811046515625 0 0.5811046515625 0 0.7090116281250001
3 0.2732558140625 0.7090116281250001 0.30232558125 0.6915697671875 0.316860465625 0.647965115625 0.3139534890625 0.6363372093749999 0.2848837203125 0.621802325 0.2587209296875 0.595639534375 0.2470930234375 0.5752906984374999 0.2470930234375 0.5578488375 0.235465115625 0.5462209296875 0.2063953484375 0.5345930234375 0.1162790703125 0.5404069765624999 0.0755813953125 0.5723837203125 0.055232557812500006 0.6072674421875 0.052325581249999996 0.6276162796875 0.0610465109375 0.6828488375 0.09302325624999999 0.7090116281250001 0.2732558140625 0.7090116281250001
3 0.3783924421875 0.45659011562499996 0.3803284890625 0.46434011562500005 0.3992238375 0.473061046875 0.4287790703125 0.47984592968750006 0.4428284890625 0.49389534843750005 0.4646308140625 0.5035843015625 0.48595058125 0.5098837203125 0.5179273249999999 0.5055232562499999 0.5416656984375 0.490988371875 0.5586249999999999 0.475485465625 0.5654069765624999 0.4585261625 0.5678284890625 0.4338168609375 0.5615319765625 0.416860465625 0.5377906984374999 0.39651162812499996 0.5164738375 0.38149127968749996 0.48885755781249995 0.3751947671875 0.45978779062499997 0.3713168609375 0.4321715109375 0.3674418609375 0.41085174375 0.3669563953125 0.3900203484375 0.3776162796875 0.375485465625 0.382462209375 0.3725784890625 0.3921511625 0.3725784890625 0.3892441859375 0.36482558125 0.40232558125000006 0.36870058125 0.41782848906250003 0.3779069765625 0.42994186093750003 0.3783924421875 0.45659011562499996
3 0.2810087203125 0.4958343015625 0.2829447671875 0.49244186093750003 0.30620058125 0.45659011562499996 0.3115319765625 0.4401162796875 0.3149215109375 0.42218895312500004 0.3149215109375 0.40474709375 0.3110465109375 0.3848837203125 0.302811046875 0.369863371875 0.296511628125 0.37810174375 0.29118313906250004 0.40474709375 0.28972965156249997 0.42654941874999996 0.2834302328125 0.442537790625 0.267927325 0.45659011562499996 0.2432180234375 0.469186046875 0.2325581390625 0.490988371875 0.260659884375 0.4861424421875 0.2810087203125 0.4958343015625
2 0.1845930234375 0.3364331390625 0.1560087203125 0.332072675 0.14631686093750002 0.33159011562499996 0.1337209296875 0.3325581390625 0.1201540703125 0.3432180234375 0.11821802343750001 0.36017441875 0.124514534375 0.38052325625 0.1589156984375 0.3911831390625 0.1787790703125 0.3882761625 0.189438953125 0.386337209375 0.20930232499999998 0.38052325625 0.21560174375000002 0.3693808140625 0.2146308140625 0.3592063953125 0.207363371875 0.346125 0.1845930234375 0.3364331390625