0 0.35055350625 0.49942343125 0.39483394843749997 0.50680350625 0.4317343171875 0.50311346875 0.4686346859375 0.480973246875 0.4870848703125 0.4514529515625 0.483394834375 0.39979243593749997 0.4686346859375 0.38503228749999996 0.446494465625 0.37396217656249997 0.4317343171875 0.333371771875 0.402214021875 0.31123154999999997 0.3800738 0.31123154999999997 0.34317343125 0.32599169687499996 0.324723246875 0.34075184531249997 0.2988929890625 0.38503228749999996 0.2952029515625 0.39979243593749997 0.2988929890625 0.4514529515625 0.3321033203125 0.4883533203125 0.35055350625 0.49942343125
0 0.177121771875 0.6175046125 0.2398523984375 0.6138145749999999 0.27675276718749997 0.5916743546875 0.2988929890625 0.558464021875 0.2988929890625 0.5104935421875 0.291512915625 0.484663284375 0.27306273124999997 0.4551429890625 0.247232471875 0.4330027671875 0.2250922515625 0.42562269375 0.17343173437499998 0.42931273125 0.14022140156250001 0.4551429890625 0.12177121718749999 0.4920433578125 0.11808118125 0.5473939109375 0.1254612546875 0.5732241703125001 0.15498155 0.6064345015625 0.177121771875 0.6175046125
0 0.14022140156250001 0.42931273125 0.16605166093749998 0.4182426203125 0.19188191875 0.3924123609375 0.210332103125 0.34813191875 0.20295202968749998 0.31123154999999997 0.18819188125 0.29647140156249996 0.1808118078125 0.2780212171875 0.16974169687500001 0.26695110624999996 0.12915129218750002 0.25219095937499997 0.099630996875 0.25219095937499997 0.077490775 0.2595710328125 0.0664206640625 0.27064114375 0.044280442187500005 0.32599169687499996 0.03690036875 0.388722325 0.055350553125 0.41086254687499996 0.092250921875 0.42931273125 0.14022140156250001 0.42931273125
0 0.0701107015625 0.7724861625 0.1254612546875 0.7761762 0.1476014765625 0.7687961249999999 0.18819188125 0.7318957562499999 0.19557195624999998 0.717135609375 0.19926199218750001 0.6617850546875 0.19188191875 0.632264759375 0.1476014765625 0.6064345015625 0.1254612546875 0.5806042437500001 0.092250921875 0.5806042437500001 0.0516605171875 0.599054428125 0.0332103328125 0.6175046125 0.018450184375 0.6470249078125 0.014760146875 0.6617850546875 0.018450184375 0.7245156828125 0.0332103328125 0.750345940625 0.0701107015625 0.7724861625
0 0 0.5215636531250001 0.018450184375 0.5658440953125 0.0479704796875 0.5916743546875 0.08487084843750001 0.5806042437500001 0.11070110625 0.5658440953125 0.11808118125 0.558464021875 0.11439114375 0.5547739859374999 0.11439114375 0.5307887453125 0.132841328125 0.4588330265625 0.11070110625 0.440382840625 0.0885608859375 0.43669280468749994 0.0664206640625 0.42562269375 0.0332103328125 0.43669280468749994 0.018450184375 0.4551429890625 0 0.484663284375 0 0.5215636531250001
0 0.254612546875 0.4330027671875 0.291512915625 0.47359317343749996 0.2988929890625 0.4625230625 0.291512915625 0.447762915625 0.291512915625 0.42562269375 0.28782287812499996 0.41455258281249996 0.291512915625 0.41086254687499996 0.291512915625 0.3924123609375 0.3099631 0.35182195625 0.30627306249999997 0.34444188124999997 0.291512915625 0.3370618078125 0.24354243593749997 0.3370618078125 0.2214022140625 0.34444188124999997 0.19557195624999998 0.39979243593749997 0.19188191875 0.4182426203125 0.20295202968749998 0.42193265625 0.2287822875 0.42193265625 0.254612546875 0.4330027671875
0 0.34317343125 0.69130535 0.37638376406249996 0.69130535 0.3911439109375 0.6839252765625 0.40590405937499996 0.6839252765625 0.442804428125 0.65440498125 0.457564575 0.6285747234375 0.4612546125 0.6027444656250001 0.4501845015625 0.5547739859374999 0.4280442796875 0.5252536906249999 0.40590405937499996 0.517873615625 0.34686346874999996 0.5141835796875001 0.324723246875 0.5215636531250001 0.30627306249999997 0.5400138375 0.30627306249999997 0.5510839484375001 0.2952029515625 0.57691420625 0.284132840625 0.5879843171875 0.2804428046875 0.6101245390625001 0.291512915625 0.65809501875 0.3136531359375 0.680235240625 0.34317343125 0.69130535
0 0.5276752765625 0.4514529515625 0.6125461249999999 0.4551429890625 0.6162361625 0.4588330265625 0.6457564578125 0.4588330265625 0.65313653125 0.4514529515625 0.64944649375 0.4330027671875 0.6420664203124999 0.42193265625 0.638376384375 0.42193265625 0.6236162359375 0.40717250937499994 0.5756457562499999 0.38503228749999996 0.5498154984375 0.38503228749999996 0.5129151296875001 0.3961023984375 0.5055350546875 0.403482471875 0.5055350546875 0.447762915625 0.523985240625 0.447762915625 0.5276752765625 0.4514529515625
0 0.6457564578125 0.37027214062499997 0.64944649375 0.37027214062499997 0.675276753125 0.39979243593749997 0.6826568265625 0.3961023984375 0.712177121875 0.3961023984375 0.72693726875 0.403482471875 0.73431734375 0.388722325 0.73431734375 0.3813422515625 0.7232472328124999 0.3628920671875 0.7047970484375 0.34444188124999997 0.7047970484375 0.34075184531249997 0.7011070109374999 0.34075184531249997 0.6900369000000001 0.329681734375 0.65313653125 0.31492158593749997 0.6199262 0.31492158593749997 0.6162361625 0.3186116234375 0.6014760140625001 0.3186116234375 0.597785978125 0.32599169687499996 0.6199262 0.34813191875 0.6236162359375 0.34813191875 0.6457564578125 0.37027214062499997
0 0.53505535 0.19315036875 0.560885609375 0.20791051718750003 0.5719557203125001 0.20791051718750003 0.5756457562499999 0.21160055312499998 0.6051660515624999 0.21160055312499998 0.6088560890625 0.20791051718750003 0.6199262 0.20791051718750003 0.638376384375 0.19315036875 0.638376384375 0.18208025781249998 0.6309963093750001 0.178390221875 0.6125461249999999 0.178390221875 0.6088560890625 0.17470018437499998 0.5904059046875 0.171010146875 0.5756457562499999 0.15625 0.5166051656249999 0.15625 0.5166051656249999 0.1636300734375 0.53505535 0.19315036875
0 0.7638376390625 0.2854012921875 0.7822878234374999 0.2854012921875 0.7970479703125 0.2780212171875 0.8487084875 0.27064114375 0.8523985234375001 0.27433118125 0.8782287828124999 0.27433118125 0.88191881875 0.2780212171875 0.9335793359375 0.2595710328125 0.9298892984375 0.2448108859375 0.9188191874999999 0.233740775 0.8966789671875001 0.22267066406249997 0.8560885609375 0.22267066406249997 0.8523985234375001 0.2263607015625 0.8413284140625 0.2263607015625 0.7933579328125 0.24112084843749998 0.7638376390625 0.255880996875 0.7564575640625 0.26695110624999996 0.7564575640625 0.2780212171875 0.7601476015624999 0.2780212171875 0.7638376390625 0.2854012921875
0 0.7933579328125 0.34444188124999997 0.8560885609375 0.333371771875 0.8782287828124999 0.333371771875 0.900369003125 0.34444188124999997 0.907749078125 0.34444188124999997 0.9151291515625 0.3370618078125 0.9151291515625 0.31492158593749997 0.907749078125 0.3001614390625 0.88929889375 0.2854012921875 0.8708487078125 0.2780212171875 0.8191881921874999 0.2780212171875 0.8154981546875 0.28171125468749997 0.80442804375 0.28171125468749997 0.7822878234374999 0.292781365625 0.767527675 0.3075415125 0.7638376390625 0.31492158593749997 0.7638376390625 0.329681734375 0.7749077484375 0.34444188124999997 0.7933579328125 0.34444188124999997
0 0.7047970484375 0.635954796875 0.712177121875 0.6433348703124999 0.7416974171875 0.6433348703124999 0.7416974171875 0.632264759375 0.7380073796875 0.6285747234375 0.73431734375 0.6064345015625 0.72693726875 0.599054428125 0.7232472328124999 0.5879843171875 0.7047970484375 0.5695341328125 0.6715867156249999 0.5547739859374999 0.65313653125 0.5547739859374999 0.64944649375 0.558464021875 0.638376384375 0.558464021875 0.6236162359375 0.5658440953125 0.6199262 0.5695341328125 0.6199262 0.5806042437500001 0.6309963093750001 0.6027444656250001 0.7047970484375 0.635954796875
0 0.5719557203125001 0.8389068265624999 0.597785978125 0.8389068265624999 0.6051660515624999 0.8241466796875001 0.6051660515624999 0.7872463093750001 0.597785978125 0.7687961249999999 0.57933579375 0.750345940625 0.5719557203125001 0.7466559046875 0.5535055343749999 0.7466559046875 0.5535055343749999 0.7614160515624999 0.5719557203125001 0.8167666046875001 0.5719557203125001 0.8389068265624999
0 0.6088560890625 0.7909363468749999 0.6236162359375 0.7909363468749999 0.64944649375 0.7687961249999999 0.6642066421874999 0.7466559046875 0.6678966796875 0.73558579375 0.6678966796875 0.717135609375 0.6605166046875001 0.6986854250000001 0.65682656875 0.6949953875 0.64944649375 0.6949953875 0.597785978125 0.7429658671875 0.5904059046875 0.750345940625 0.5904059046875 0.754035978125 0.6051660515624999 0.7724861625 0.6088560890625 0.7909363468749999
0 0.7047970484375 0.713445571875 0.712177121875 0.713445571875 0.7195571953125001 0.7097555343749999 0.7195571953125001 0.7060654984375 0.767527675 0.6839252765625 0.830258303125 0.69130535 0.8339483390625 0.6949953875 0.8376383765625001 0.69130535 0.8376383765625001 0.680235240625 0.830258303125 0.6654750921875 0.8118081187499999 0.6507149453125 0.7896678968749999 0.6470249078125 0.785977859375 0.6433348703124999 0.7638376390625 0.6433348703124999 0.7601476015624999 0.6470249078125 0.7416974171875 0.6470249078125 0.7380073796875 0.6507149453125 0.712177121875 0.65440498125 0.675276753125 0.6876153140625 0.6715867156249999 0.6986854250000001 0.675276753125 0.7245156828125 0.6937269374999999 0.7245156828125 0.7047970484375 0.713445571875
0 0.7970479703125 0.7318957562499999 0.830258303125 0.7429658671875 0.8597785984374999 0.7429658671875 0.863468634375 0.73558579375 0.8597785984374999 0.7208256453125 0.863468634375 0.713445571875 0.8191881921874999 0.6876153140625 0.767527675 0.6876153140625 0.7306273062499999 0.7023754609374999 0.7195571953125001 0.713445571875 0.7195571953125001 0.7208256453125 0.7933579328125 0.7282057203125001 0.7970479703125 0.7318957562499999
0 0.7933579328125 0.5658440953125 0.80442804375 0.5695341328125 0.822878228125 0.5842942796874999 0.8597785984374999 0.6064345015625 0.8745387453125 0.6101245390625001 0.88191881875 0.595364390625 0.8782287828124999 0.5806042437500001 0.8708487078125 0.5732241703125001 0.8708487078125 0.5695341328125 0.8450184500000001 0.5437038750000001 0.830258303125 0.5363238 0.7638376390625 0.5363238 0.7638376390625 0.5437038750000001 0.7712177125 0.5510839484375001 0.7933579328125 0.5658440953125
0 0.7933579328125 0.5326337640625 0.8339483390625 0.5326337640625 0.8376383765625001 0.5289437265625 0.867158671875 0.5289437265625 0.88560885625 0.517873615625 0.88560885625 0.5104935421875 0.8782287828124999 0.49573339531249994 0.7933579328125 0.49573339531249994 0.7564575640625 0.50311346875 0.7416974171875 0.5104935421875 0.7380073796875 0.5141835796875001 0.7380073796875 0.5252536906249999 0.745387453125 0.5289437265625 0.7933579328125 0.5326337640625
0 0.5535055343749999 0.6064345015625 0.594095940625 0.6064345015625 0.6088560890625 0.599054428125 0.6162361625 0.5916743546875 0.6162361625 0.5842942796874999 0.6051660515624999 0.5695341328125 0.5129151296875001 0.517873615625 0.5055350546875 0.517873615625 0.5055350546875 0.5806042437500001 0.5129151296875001 0.5879843171875 0.5535055343749999 0.6064345015625
0 0.7970479703125 0.4551429890625 0.8154981546875 0.47359317343749996 0.8191881921874999 0.47359317343749996 0.826568265625 0.480973246875 0.826568265625 0.484663284375 0.8413284140625 0.4920433578125 0.8523985234375001 0.4920433578125 0.8597785984374999 0.4883533203125 0.863468634375 0.4772832109375 0.8597785984374999 0.44407287812499996 0.8523985234375001 0.42931273125 0.830258303125 0.40717250937499994 0.7970479703125 0.3924123609375 0.7564575640625 0.3924123609375 0.7490774906250001 0.3961023984375 0.7416974171875 0.403482471875 0.7416974171875 0.41086254687499996 0.7712177125 0.44407287812499996 0.7970479703125 0.4551429890625
0 0.8708487078125 0.4625230625 0.8745387453125 0.4699031359375 0.88560885625 0.4699031359375 0.9261992625 0.447762915625 0.9372693734374999 0.43669280468749994 0.9926199265625 0.41086254687499996 0.9963099625 0.40717250937499994 0.9963099625 0.3961023984375 0.9741697421875 0.38503228749999996 0.9298892984375 0.38503228749999996 0.9261992625 0.388722325 0.9151291515625 0.388722325 0.8929889296875 0.39979243593749997 0.8745387453125 0.42193265625 0.867158671875 0.43669280468749994 0.867158671875 0.44407287812499996 0.8708487078125 0.447762915625 0.8708487078125 0.4625230625
0 0.6937269374999999 0.440382840625 0.72693726875 0.49942343125 0.72693726875 0.50680350625 0.73431734375 0.5104935421875 0.7527675281249999 0.49942343125 0.767527675 0.49942343125 0.7712177125 0.49573339531249994 0.7712177125 0.47359317343749996 0.7564575640625 0.440382840625 0.745387453125 0.42931273125 0.745387453125 0.42562269375 0.72693726875 0.40717250937499994 0.7195571953125001 0.403482471875 0.708487084375 0.39979243593749997 0.6863468640625 0.39979243593749997 0.6789667890625 0.403482471875 0.6789667890625 0.41455258281249996 0.6900369000000001 0.42931273125 0.6937269374999999 0.440382840625
0 0.6199262 0.50680350625 0.638376384375 0.5141835796875001 0.6605166046875001 0.5141835796875001 0.6715867156249999 0.5104935421875 0.6789667890625 0.50311346875 0.6789667890625 0.49573339531249994 0.6642066421874999 0.47359317343749996 0.65313653125 0.4625230625 0.6088560890625 0.4588330265625 0.5904059046875 0.4588330265625 0.5904059046875 0.47359317343749996 0.594095940625 0.480973246875 0.6199262 0.50680350625
0 0.5756457562499999 0.25219095937499997 0.597785978125 0.26695110624999996 0.6162361625 0.27433118125 0.6236162359375 0.28171125468749997 0.6273062734375 0.28171125468749997 0.6346863468749999 0.27433118125 0.6605166046875001 0.2595710328125 0.6715867156249999 0.2595710328125 0.6789667890625 0.255880996875 0.6789667890625 0.25219095937499997 0.6863468640625 0.248500921875 0.6605166046875001 0.2263607015625 0.6273062734375 0.215290590625 0.57933579375 0.215290590625 0.560885609375 0.22267066406249997 0.557195571875 0.2263607015625 0.560885609375 0.24112084843749998 0.5645756453125 0.24112084843749998 0.5756457562499999 0.25219095937499997
0 0.7232472328124999 0.24112084843749998 0.7785977859375001 0.24112084843749998 0.7822878234374999 0.23743081250000003 0.7970479703125 0.23743081250000003 0.822878228125 0.2300507375 0.8487084875 0.2189806265625 0.8487084875 0.21160055312499998 0.8376383765625001 0.19684040625000002 0.7822878234374999 0.17470018437499998 0.745387453125 0.17470018437499998 0.7416974171875 0.178390221875 0.72693726875 0.178390221875 0.7195571953125001 0.1857702953125 0.708487084375 0.18946033281250002 0.6974169734375 0.21160055312499998 0.6937269374999999 0.2300507375 0.708487084375 0.23743081250000003 0.7195571953125001 0.23743081250000003 0.7232472328124999 0.24112084843749998
0 0.6457564578125 0.18208025781249998 0.6605166046875001 0.2189806265625 0.675276753125 0.2300507375 0.6826568265625 0.2300507375 0.6937269374999999 0.21160055312499998 0.6937269374999999 0.171010146875 0.6863468640625 0.15625 0.6199262 0.15625 0.6236162359375 0.1636300734375 0.6457564578125 0.18208025781249998
0 0.5313653140625 0.2854012921875 0.5682656828125 0.31123154999999997 0.57933579375 0.31492158593749997 0.597785978125 0.31492158593749997 0.6125461249999999 0.29647140156249996 0.5719557203125001 0.2595710328125 0.560885609375 0.2448108859375 0.5498154984375 0.22267066406249997 0.5535055343749999 0.2189806265625 0.5387453875 0.21160055312499998 0.53505535 0.215290590625 0.523985240625 0.215290590625 0.5166051656249999 0.22267066406249997 0.5129151296875001 0.2300507375 0.5129151296875001 0.255880996875 0.520295203125 0.2632610703125 0.5313653140625 0.2854012921875
0 0.8966789671875001 0.5916743546875 0.907749078125 0.595364390625 0.9188191874999999 0.6064345015625 0.9188191874999999 0.6101245390625001 0.9483394828125 0.6248846859375 0.9778597781249999 0.6285747234375 0.981549815625 0.632264759375 0.9963099625 0.632264759375 0.9963099625 0.5806042437500001 0.9261992625 0.5363238 0.9040590406250001 0.5363238 0.88929889375 0.5289437265625 0.8782287828124999 0.5289437265625 0.867158671875 0.5400138375 0.863468634375 0.5510839484375001 0.8708487078125 0.5658440953125 0.88191881875 0.5732241703125001 0.8966789671875001 0.5916743546875