0 0.39272727343749997 0.6544602265624999 0.4654545453125 0.62536931875 0.4836363640625 0.6071875 0.4945454546875 0.5744602265625 0.48 0.4944602265625 0.45454545468749996 0.46173295468750003 0.42181818125000003 0.4435511359375 0.4 0.4435511359375 0.38181818125 0.45446022656249996 0.3345454546875 0.4944602265625 0.309090909375 0.5271874999999999 0.3054545453125 0.5417329546875 0.30181818125 0.5926420453125 0.32 0.6326420453125 0.33818181875 0.6508238640624999 0.39272727343749997 0.6544602265624999
0 0.5163636359375 0.596278409375 0.5672727265625 0.618096590625 0.5854545453125 0.618096590625 0.610909090625 0.6108238640625 0.6472727265625 0.5817329546875001 0.6618181812499999 0.5490056812499999 0.6654545453125 0.50900568125 0.6472727265625 0.46173295468750003 0.629090909375 0.4399147734375 0.6145454546875 0.43264204531250006 0.549090909375 0.4217329546875 0.509090909375 0.45446022656249996 0.4945454546875 0.476278409375 0.4872727265625 0.498096590625 0.4872727265625 0.538096590625 0.4945454546875 0.5635511359375001 0.5163636359375 0.596278409375
0 0.45818181874999997 0.458096590625 0.4872727265625 0.47991477343750005 0.5163636359375 0.4435511359375 0.549090909375 0.42900568124999994 0.5927272734375 0.42536931874999995 0.610909090625 0.42900568124999994 0.6145454546875 0.42536931874999995 0.610909090625 0.3744602265625 0.5963636359375 0.34536931875 0.5745454546875 0.31991477343749997 0.5527272734374999 0.30900568125 0.52 0.3017329546875 0.49818181875 0.3017329546875 0.48 0.30900568125 0.45818181874999997 0.3271875 0.44000000000000006 0.3744602265625 0.4436363640625 0.378096590625 0.43636363593749994 0.38900568125 0.44000000000000006 0.436278409375 0.45818181874999997 0.458096590625
0 0.3527272734375 0.38536931874999997 0.3854545453125 0.38900568125 0.43636363593749994 0.3708238640625 0.45454545468749996 0.3308238640625 0.45454545468749996 0.2944602265625 0.4472727265625 0.27264204531249997 0.41818181875000004 0.23627840937500003 0.3854545453125 0.22173295468749998 0.34181818124999996 0.22173295468749998 0.3163636359375 0.2326420453125 0.2872727265625 0.2544602265625 0.27272727343750003 0.2799147734375 0.269090909375 0.3017329546875 0.27272727343750003 0.33446022656249996 0.29454545468750004 0.3526420453125 0.3527272734375 0.38536931874999997
0 0.22181818125000002 0.516278409375 0.24363636406250003 0.5235511359375 0.290909090625 0.5235511359375 0.3054545453125 0.516278409375 0.33818181875 0.476278409375 0.3454545453125 0.44718749999999996 0.34181818124999996 0.41446022656250003 0.33090909062499996 0.3926420453125 0.2872727265625 0.356278409375 0.24727272656250002 0.3526420453125 0.23272727343750002 0.3599147734375 0.2072727265625 0.3817329546875 0.2072727265625 0.38900568125 0.18181818125 0.418096590625 0.17818181875 0.42900568124999994 0.18181818125 0.46900568125 0.1963636359375 0.4944602265625 0.22181818125000002 0.516278409375
0 0.149090909375 0.7271875 0.1963636359375 0.7271875 0.2545454546875 0.7053693187500001 0.2872727265625 0.658096590625 0.290909090625 0.5926420453125 0.2763636359375 0.5635511359375001 0.2545454546875 0.538096590625 0.2145454546875 0.516278409375 0.1745454546875 0.5126420453125 0.130909090625 0.5235511359375 0.090909090625 0.5599147734375001 0.08 0.5926420453125 0.0763636359375 0.6471875 0.090909090625 0.6799147734375001 0.11636363593750002 0.7126420453125 0.149090909375 0.7271875
0 0.069090909375 0.5126420453125 0.090909090625 0.516278409375 0.0945454546875 0.5271874999999999 0.11636363593750002 0.5271874999999999 0.1527272734375 0.50900568125 0.17090909062499998 0.50900568125 0.18181818125 0.5017329546875 0.18181818125 0.4871875 0.1854545453125 0.48355113593750004 0.1745454546875 0.458096590625 0.1745454546875 0.42536931874999995 0.18181818125 0.41082386406250004 0.17818181875 0.38900568125 0.13818181875 0.3744602265625 0.11636363593750002 0.3744602265625 0.0872727265625 0.3817329546875 0.0654545453125 0.3926420453125 0.04 0.42536931874999995 0.0363636359375 0.458096590625 0.0472727265625 0.47991477343750005 0.06181818125000001 0.4944602265625 0.069090909375 0.5126420453125
0 0.02181818125 0.3271875 0.029090909375 0.3417329546875 0.054545454687499995 0.3671875 0.07272727343749999 0.3744602265625 0.09818181875000001 0.3744602265625 0.1236363640625 0.3671875 0.1672727265625 0.31991477343749997 0.17818181875 0.27627840937500003 0.17090909062499998 0.2399147734375 0.13818181875 0.2071875 0.0836363640625 0.20355113593750002 0.0472727265625 0.218096590625 0.0254545453125 0.2399147734375 0.0145454546875 0.2617329546875 0.0145454546875 0.2908238640625 0.02181818125 0.30536931875 0.02181818125 0.3271875
0 0.1563636359375 0.21446022656250002 0.1672727265625 0.22900568125 0.1854545453125 0.2799147734375 0.2 0.3017329546875 0.21090909062500002 0.30900568125 0.250909090625 0.316278409375 0.2654545453125 0.316278409375 0.269090909375 0.2799147734375 0.28363636406250003 0.2544602265625 0.29818181875 0.2399147734375 0.33090909062499996 0.22536931875000002 0.34181818124999996 0.21446022656250002 0.33818181875 0.1926420453125 0.3236363640625 0.1671875 0.17090909062499998 0.1671875 0.16 0.18900568125 0.1563636359375 0.21446022656250002
0 0 0.62536931875 0.010909090625 0.62536931875 0.0363636359375 0.6108238640625 0.0472727265625 0.58900568125 0.0472727265625 0.5744602265625 0.054545454687499995 0.5635511359375001 0.0436363640625 0.538096590625 0.0436363640625 0.516278409375 0.0472727265625 0.5126420453125 0.0436363640625 0.4871875 0.029090909375 0.458096590625 0.0072727265625 0.4399147734375 0 0.436278409375 0 0.62536931875
0 0 0.7926420453125 0.0254545453125 0.78536931875 0.0436363640625 0.7671875 0.054545454687499995 0.74536931875 0.054545454687499995 0.6908238640625 0.0472727265625 0.6726420453124999 0.032727273437499996 0.6508238640624999 0.0036363640625 0.636278409375 0 0.636278409375 0 0.7926420453125
0 0 0.4217329546875 0.0145454546875 0.42900568124999994 0.02181818125 0.42536931874999995 0.0436363640625 0.40355113593749997 0.050909090625 0.38900568125 0.050909090625 0.3708238640625 0.0145454546875 0.3126420453125 0.0145454546875 0.298096590625 0.0072727265625 0.2908238640625 0 0.2908238640625 0 0.4217329546875