0 0.46173295468750003 0.62181818125 0.5017329546875 0.6363636359375 0.5671875 0.6363636359375 0.5999147734375 0.62181818125 0.6217329546875 0.6036363640625 0.6544602265624999 0.52 0.6544602265624999 0.4727272734375 0.62900568125 0.429090909375 0.5526420453124999 0.429090909375 0.4908238640625 0.3963636359375 0.45082386406249997 0.41818181875000004 0.41446022656250003 0.4654545453125 0.40718750000000004 0.4872727265625 0.40718750000000004 0.54181818125 0.42536931874999995 0.58181818125 0.46173295468750003 0.62181818125
0 0.34900568125000003 0.43272727343749995 0.41082386406250004 0.43272727343749995 0.476278409375 0.389090909375 0.476278409375 0.3745454546875 0.45446022656249996 0.3345454546875 0.44718749999999996 0.30181818125 0.45446022656249996 0.27272727343750003 0.4908238640625 0.24363636406250003 0.4726420453125 0.22181818125000002 0.4399147734375 0.2 0.40355113593749997 0.1854545453125 0.3744602265625 0.1854545453125 0.33446022656249996 0.2 0.2835511359375 0.24363636406250003 0.26536931875 0.27272727343750003 0.26536931875 0.3454545453125 0.298096590625 0.4 0.32355113593749996 0.42181818125000003 0.34900568125000003 0.43272727343749995
0 0.2944602265625 0 0.2508238640625 0.0145454546875 0.20355113593750002 0.04 0.1817329546875 0.06181818125000001 0.178096590625 0.0836363640625 0.1999147734375 0.1127272734375 0.21082386406250003 0.1527272734375 0.22900568125 0.1745454546875 0.2544602265625 0.1854545453125 0.298096590625 0.1854545453125 0.33446022656249996 0.17090909062499998 0.3744602265625 0.1345454546875 0.3926420453125 0.0945454546875 0.3926420453125 0.069090909375 0.3635511359375 0 0.2944602265625 0
0 0.5199147734375 0.40727272656249996 0.5744602265625 0.4254545453125 0.6108238640625 0.42181818125000003 0.676278409375 0.37818181875 0.7053693187500001 0.33818181875 0.716278409375 0.30181818125 0.7090056812500001 0.26181818125 0.6835511359375 0.2145454546875 0.66536931875 0.1963636359375 0.62536931875 0.1745454546875 0.5671875 0.17818181875 0.5490056812499999 0.1963636359375 0.5417329546875 0.21818181874999998 0.46173295468750003 0.269090909375 0.45446022656249996 0.28363636406250003 0.45446022656249996 0.32 0.47991477343750005 0.370909090625 0.5199147734375 0.40727272656249996
0 0.2508238640625 0.5599999999999999 0.30536931875 0.5709090906250001 0.33446022656249996 0.5709090906250001 0.3671875 0.5636363640625001 0.38536931874999997 0.54181818125 0.3926420453125 0.4945454546875 0.356278409375 0.4654545453125 0.30536931875 0.4436363640625 0.2544602265625 0.43272727343749995 0.20355113593750002 0.43272727343749995 0.1926420453125 0.4654545453125 0.1817329546875 0.4763636359375 0.178096590625 0.4945454546875 0.19627840937500002 0.530909090625 0.21446022656250002 0.5454545453125 0.2508238640625 0.5599999999999999
0 0.476278409375 0.890909090625 0.5490056812499999 0.8836363640625 0.58900568125 0.8545454546875 0.6144602265625 0.8109090906249999 0.6217329546875 0.749090909375 0.6071875 0.70181818125 0.5744602265625 0.6799999999999999 0.50900568125 0.669090909375 0.46900568125 0.6436363640625 0.44718749999999996 0.6436363640625 0.41082386406250004 0.6618181812499999 0.38536931874999997 0.690909090625 0.3671875 0.730909090625 0.3671875 0.8145454546875 0.40355113593749997 0.86181818125 0.4435511359375 0.8836363640625 0.476278409375 0.890909090625
0 0.6799147734375001 0.6945454546875001 0.7126420453125 0.709090909375 0.74900568125 0.7127272734375001 0.7926420453125 0.7054545453125 0.82900568125 0.6872727265624999 0.82900568125 0.4836363640625 0.818096590625 0.4727272734375 0.756278409375 0.45818181874999997 0.7053693187500001 0.4763636359375 0.66900568125 0.5127272734375 0.62900568125 0.5854545453125 0.62536931875 0.610909090625 0.6326420453125 0.6436363640625 0.6471875 0.6654545453125 0.6799147734375001 0.6945454546875001
0 0.6871875000000001 0.9381818187500001 0.6871875000000001 0.9563636359375 0.698096590625 0.9672727265625 0.7271875 0.9672727265625 0.7708238640625 0.949090909375 0.7926420453125 0.96 0.82900568125 0.9636363640625 0.82900568125 0.7127272734375001 0.8035511359375 0.7127272734375001 0.74900568125 0.7345454546875 0.716278409375 0.7672727265625 0.698096590625 0.8145454546875 0.698096590625 0.85818181875 0.7126420453125 0.8836363640625 0.7126420453125 0.90181818125 0.6871875000000001 0.9381818187500001
0 0.6799147734375001 0.38181818125 0.66536931875 0.39272727343749997 0.66536931875 0.40727272656249996 0.676278409375 0.4254545453125 0.6944602265625 0.44000000000000006 0.7235511359375 0.44000000000000006 0.7344602265625 0.429090909375 0.7780965906249999 0.40727272656249996 0.8035511359375 0.40727272656249996 0.82900568125 0.4 0.82900568125 0.22181818125000002 0.7962784093749999 0.21090909062500002 0.7308238640625 0.21090909062500002 0.6944602265625 0.2254545453125 0.716278409375 0.269090909375 0.7199147734375 0.309090909375 0.7017329546875 0.349090909375 0.6799147734375001 0.38181818125
0 0.6871875000000001 0 0.6799147734375001 0.02181818125 0.6799147734375001 0.069090909375 0.6944602265625 0.12 0.7417329546875 0.16363636406249998 0.7817329546875 0.1672727265625 0.78536931875 0.17090909062499998 0.82900568125 0.16363636406249998 0.82536931875 0.16 0.82900568125 0.1454545453125 0.82900568125 0 0.6871875000000001 0
0 0.46536931875 0 0.436278409375 0.02181818125 0.41446022656250003 0.0654545453125 0.41082386406250004 0.1527272734375 0.418096590625 0.17818181875 0.42536931874999995 0.189090909375 0.46173295468750003 0.2072727265625 0.4908238640625 0.23272727343750002 0.5126420453125 0.2363636359375 0.5308238640625 0.2145454546875 0.5344602265625 0.21818181874999998 0.5417329546875 0.21090909062500002 0.5562784093750001 0.18181818125 0.62900568125 0.17090909062499998 0.6399147734375 0.1745454546875 0.6471875 0.1672727265625 0.658096590625 0.1272727265625 0.6544602265624999 0.0836363640625 0.636278409375 0.04 0.5999147734375 0 0.46536931875 0