0 0.14181818125 0.498096590625 0.21090909062500002 0.5017329546875 0.24727272656250002 0.4871875 0.27999999999999997 0.44718749999999996 0.2763636359375 0.396278409375 0.2872727265625 0.3635511359375 0.27999999999999997 0.33446022656249996 0.269090909375 0.32355113593749996 0.1963636359375 0.28718750000000004 0.1563636359375 0.2835511359375 0.1345454546875 0.2908238640625 0.09818181875000001 0.316278409375 0.07272727343749999 0.3599147734375 0.069090909375 0.41446022656250003 0.0763636359375 0.436278409375 0.10545454531250001 0.4726420453125 0.14181818125 0.498096590625
0 0.17090909062499998 0.62536931875 0.17090909062499998 0.6399147734375 0.2145454546875 0.6871875000000001 0.2363636359375 0.7017329546875 0.25818181875 0.7126420453125 0.3054545453125 0.7053693187500001 0.3745454546875 0.6471875 0.38181818125 0.6217329546875 0.37818181875 0.5526420453124999 0.36 0.5235511359375 0.3127272734375 0.4908238640625 0.27272727343750003 0.4871875 0.22909090937499998 0.498096590625 0.21090909062500002 0.50900568125 0.17818181875 0.5453693187499999 0.17090909062499998 0.5744602265625 0.2036363640625 0.58900568125 0.2036363640625 0.596278409375 0.17090909062499998 0.62536931875
0 0 0.7199147734375 0.0472727265625 0.7199147734375 0.10909090937499999 0.6944602265625 0.1345454546875 0.66536931875 0.1454545453125 0.62900568125 0.12 0.618096590625 0.1345454546875 0.5671875 0.14181818125 0.5671875 0.14181818125 0.5599147734375001 0.130909090625 0.5453693187499999 0.07272727343749999 0.50536931875 0.02181818125 0.5017329546875 0 0.50900568125 0 0.7199147734375
0 0.2254545453125 0.7671875 0.1854545453125 0.7271875 0.1745454546875 0.7199147734375 0.16 0.716278409375 0.149090909375 0.7199147734375 0.11636363593750002 0.7090056812500001 0.0763636359375 0.716278409375 0.054545454687499995 0.7271875 0.032727273437499996 0.7526420453125 0.010909090625 0.8035511359375 0.0072727265625 0.82900568125 0.24 0.82900568125 0.24 0.8071875000000001 0.2254545453125 0.7671875
0 0.4763636359375 0.7271875 0.530909090625 0.7271875 0.5672727265625 0.7090056812500001 0.6 0.66900568125 0.6145454546875 0.6217329546875 0.6 0.5526420453124999 0.5709090906250001 0.5235511359375 0.5236363640625 0.5017329546875 0.48 0.5017329546875 0.4436363640625 0.5126420453125 0.41454545468750004 0.5344602265625 0.389090909375 0.5817329546875001 0.3854545453125 0.618096590625 0.3963636359375 0.658096590625 0.43636363593749994 0.7053693187500001 0.4763636359375 0.7271875
0 0.789090909375 0.5017329546875 0.8436363640625 0.50536931875 0.8763636359375001 0.498096590625 0.9090909093749999 0.476278409375 0.9199999999999999 0.45446022656249996 0.9236363640624999 0.40355113593749997 0.9381818187500001 0.3671875 0.9272727265625 0.338096590625 0.9054545453125 0.316278409375 0.85818181875 0.2944602265625 0.8145454546875 0.3417329546875 0.7963636359375 0.3526420453125 0.73818181875 0.3599147734375 0.72 0.3744602265625 0.7163636359375001 0.4217329546875 0.7345454546875 0.46173295468750003 0.7527272734375 0.47991477343750005 0.789090909375 0.5017329546875
0 0.54181818125 0.4908238640625 0.5890909093750001 0.50900568125 0.62181818125 0.50900568125 0.6727272734375 0.4871875 0.70181818125 0.45082386406249997 0.7127272734375001 0.40355113593749997 0.7127272734375001 0.3599147734375 0.70181818125 0.3308238640625 0.6763636359375 0.30536931875 0.6436363640625 0.2908238640625 0.5745454546875 0.2908238640625 0.5236363640625 0.3126420453125 0.50181818125 0.3417329546875 0.49818181875 0.38536931874999997 0.5054545453125 0.458096590625 0.5236363640625 0.47991477343750005 0.54181818125 0.4908238640625
0 0.4436363640625 0.27627840937500003 0.450909090625 0.28718750000000004 0.49090909062500004 0.30536931875 0.530909090625 0.30536931875 0.5636363640625001 0.2908238640625 0.5890909093750001 0.26536931875 0.6072727265625 0.22536931875000002 0.6072727265625 0.2071875 0.610909090625 0.20355113593750002 0.6072727265625 0.1671875 0.45454545468749996 0.1671875 0.46181818124999996 0.23627840937500003 0.4436363640625 0.27627840937500003
0 0.61818181875 0.2399147734375 0.64 0.27264204531249997 0.6763636359375 0.298096590625 0.7054545453125 0.2835511359375 0.7345454546875 0.2544602265625 0.7636363640625 0.2399147734375 0.77818181875 0.23627840937500003 0.8327272734375001 0.2399147734375 0.8436363640625 0.21082386406250003 0.8436363640625 0.1708238640625 0.8400000000000001 0.1671875 0.61818181875 0.1671875 0.6145454546875 0.21082386406250003 0.61818181875 0.2399147734375
0 0.1927272734375 0.178096590625 0.2363636359375 0.19627840937500002 0.2763636359375 0.22173295468749998 0.290909090625 0.26536931875 0.28363636406250003 0.3017329546875 0.33090909062499996 0.298096590625 0.3636363640625 0.26900568125 0.3672727265625 0.258096590625 0.36 0.2399147734375 0.3563636359375 0.1999147734375 0.36 0.19627840937500002 0.3563636359375 0.18536931875 0.36 0.1671875 0.1854545453125 0.1671875 0.18181818125 0.1708238640625 0.1927272734375 0.178096590625
0 0 0.28718750000000004 0.02181818125 0.298096590625 0.050909090625 0.30536931875 0.0945454546875 0.30536931875 0.14181818125 0.2799147734375 0.1527272734375 0.258096590625 0.130909090625 0.21446022656250002 0.1345454546875 0.1671875 0 0.1671875 0 0.28718750000000004
0 0.7236363640625 0.78900568125 0.7054545453125 0.7599147734375 0.62181818125 0.7235511359375 0.5745454546875 0.7235511359375 0.53818181875 0.7344602265625 0.5054545453125 0.7635511359375 0.509090909375 0.78536931875 0.4945454546875 0.7999147734375 0.49090909062500004 0.8144602265625001 0.4945454546875 0.82900568125 0.730909090625 0.82900568125 0.7236363640625 0.78900568125
0 0.46181818124999996 0.82900568125 0.4654545453125 0.8217329546875 0.4654545453125 0.7962784093749999 0.41818181875000004 0.7708238640625 0.410909090625 0.7526420453125 0.3963636359375 0.7344602265625 0.37818181875 0.7417329546875 0.34181818124999996 0.74536931875 0.33090909062499996 0.738096590625 0.3236363640625 0.716278409375 0.29818181875 0.716278409375 0.2872727265625 0.7199147734375 0.26181818125 0.74536931875 0.250909090625 0.7635511359375 0.24727272656250002 0.7780965906249999 0.24727272656250002 0.8217329546875 0.250909090625 0.82900568125 0.46181818124999996 0.82900568125
0 0.949090909375 0.7999147734375 0.930909090625 0.7708238640625 0.9127272734374999 0.7526420453125 0.85818181875 0.7344602265625 0.8290909093750001 0.7344602265625 0.7927272734375 0.74536931875 0.7636363640625 0.7635511359375 0.73818181875 0.7962784093749999 0.7345454546875 0.8108238640625001 0.73818181875 0.82900568125 0.9527272734375 0.82900568125 0.949090909375 0.7999147734375
0 0.850909090625 0.7271875 0.89818181875 0.7417329546875 0.930909090625 0.7417329546875 0.9672727265625 0.7271875 0.9927272734375 0.7053693187500001 0.9963636359375 0.65688568125 0.989090909375 0.658096590625 0.989090909375 0.6399147734375 0.9963636359375 0.636278409375 0.9963636359375 0.5744602265625 0.9818181812500001 0.5635511359375001 0.9672727265625 0.5671875 0.9636363640625 0.5744602265625 0.890909090625 0.5744602265625 0.890909090625 0.5635511359375001 0.8836363640625 0.5599147734375001 0.8800000000000001 0.5453693187499999 0.8727272734374999 0.5453693187499999 0.8654545453125 0.5526420453124999 0.8654545453125 0.5708238640625 0.8472727265625 0.578096590625 0.8254545453125001 0.6108238640625 0.8109090906249999 0.6508238640624999 0.8109090906249999 0.6835511359375 0.8254545453125001 0.7053693187500001 0.850909090625 0.7271875
0 0.8472727265625 0.2399147734375 0.8654545453125 0.2508238640625 0.8690909093749999 0.2835511359375 0.9345454546875 0.3308238640625 0.9781818187500001 0.3308238640625 0.9963636359375 0.31991477343749997 0.9963636359375 0.1671875 0.8472727265625 0.1671875 0.850909090625 0.178096590625 0.8472727265625 0.2399147734375