0 0.021484375 0.6611328125 0.0400390625 0.7119140625 0.064453125 0.748046875 0.0634765625 0.751953125 0.1083984375 0.7978515625 0.12109375 0.802734375 0.123046875 0.8095703125 0.16015625 0.8359375 0.19140625 0.8515625 0.2294921875 0.8623046875 0.2685546875 0.8662109375 0.287109375 0.86328125 0.2998046875 0.8671875 0.380859375 0.931640625 0.4287109375 0.958984375 0.490234375 0.9853515625 0.5517578125 0.9931640625 0.615234375 0.990234375 0.6650390625 0.9765625 0.7021484375 0.9609375 0.771484375 0.91796875 0.8173828125 0.875 0.8779296875 0.7958984375 0.9072265625 0.73828125 0.9609375 0.57421875 0.9716796875 0.509765625 0.974609375 0.4677734375 0.9716796875 0.3828125 0.9599609375 0.314453125 0.9208984375 0.2021484375 0.89453125 0.1611328125 0.865234375 0.1318359375 0.83203125 0.109375 0.7265625 0.0537109375 0.638671875 0.0224609375 0.56640625 0.005859375 0.490234375 0.0078125 0.427734375 0.025390625 0.3916015625 0.0478515625 0.3701171875 0.0517578125 0.31640625 0.0810546875 0.28125 0.107421875 0.2587890625 0.119140625 0.2021484375 0.173828125 0.1650390625 0.2177734375 0.08203125 0.3427734375 0.0546875 0.3955078125 0.0380859375 0.4375 0.0361328125 0.4560546875 0.0234375 0.48046875 0.0224609375 0.501953125 0.01171875 0.548828125 0.0126953125 0.6201171875 0.021484375 0.6611328125
2 0.5859375 0.3701171875 0.576171875 0.37109375 0.57421875 0.3779296875 0.578125 0.3818359375 0.58984375 0.376953125 0.5859375 0.3701171875
2 0.5546875 0.376953125 0.5478515625 0.3779296875 0.548828125 0.3896484375 0.556640625 0.392578125 0.560546875 0.380859375 0.5546875 0.376953125
2 0.498046875 0.353515625 0.498046875 0.36328125 0.5087890625 0.3603515625 0.5078125 0.3515625 0.498046875 0.353515625
2 0.578125 0.310546875 0.5732421875 0.3115234375 0.5712890625 0.3203125 0.580078125 0.326171875 0.583984375 0.3154296875 0.578125 0.310546875
2 0.501953125 0.169921875 0.486328125 0.1748046875 0.4853515625 0.181640625 0.4931640625 0.1845703125 0.505859375 0.177734375 0.501953125 0.169921875
2 0.515625 0.1337890625 0.5048828125 0.1328125 0.4990234375 0.1376953125 0.4990234375 0.1435546875 0.5078125 0.14453125 0.5146484375 0.1396484375 0.515625 0.1337890625
2 0.4091796875 0.537109375 0.4033203125 0.537109375 0.3994140625 0.5419921875 0.3994140625 0.5498046875 0.40625 0.552734375 0.4150390625 0.54296875 0.4091796875 0.537109375
2 0.369140625 0.43359375 0.3623046875 0.4375 0.3623046875 0.4462890625 0.3720703125 0.44921875 0.3759765625 0.4384765625 0.369140625 0.43359375
2 0.35546875 0.5859375 0.353515625 0.576171875 0.3486328125 0.572265625 0.341796875 0.5751953125 0.341796875 0.5869140625 0.34765625 0.591796875 0.3525390625 0.5908203125 0.35546875 0.5859375
2 0.51953125 0.6328125 0.51953125 0.625 0.515625 0.6220703125 0.5068359375 0.6220703125 0.5 0.62890625 0.4970703125 0.6376953125 0.501953125 0.640625 0.5126953125 0.640625 0.51953125 0.6328125
2 0.4736328125 0.515625 0.4697265625 0.5126953125 0.462890625 0.515625 0.462890625 0.529296875 0.47265625 0.53125 0.4765625 0.5263671875 0.4736328125 0.515625
2 0.4423828125 0.4716796875 0.4326171875 0.4697265625 0.4287109375 0.47265625 0.4296875 0.486328125 0.435546875 0.4873046875 0.443359375 0.48046875 0.4423828125 0.4716796875
2 0.4658203125 0.4501953125 0.4658203125 0.4599609375 0.4765625 0.4619140625 0.4775390625 0.4501953125 0.4658203125 0.4501953125
2 0.41796875 0.3369140625 0.4130859375 0.3408203125 0.4150390625 0.3525390625 0.42578125 0.3515625 0.4248046875 0.337890625 0.41796875 0.3369140625
2 0.560546875 0.248046875 0.5546875 0.2578125 0.5673828125 0.259765625 0.5673828125 0.2490234375 0.560546875 0.248046875