0 0.770909090625 0.7599147734375 0.7963636359375 0.7526420453125 0.8254545453125001 0.738096590625 0.85818181875 0.6908238640625 0.86181818125 0.6435511359375 0.8472727265625 0.6144602265625 0.8036363640624999 0.5635511359375001 0.7672727265625 0.5490056812499999 0.7163636359375001 0.5490056812499999 0.6872727265624999 0.5599147734375001 0.6654545453125 0.5744602265625 0.6436363640625 0.6144602265625 0.6436363640625 0.6908238640625 0.6581818187499999 0.7199147734375 0.69818181875 0.756278409375 0.770909090625 0.7599147734375
0 0.72 0.5453693187499999 0.7672727265625 0.5453693187499999 0.8072727265624999 0.5599147734375001 0.81818181875 0.5344602265625 0.8145454546875 0.516278409375 0.7963636359375 0.48355113593750004 0.7745454546875 0.46900568125 0.749090909375 0.46173295468750003 0.7163636359375001 0.46173295468750003 0.69818181875 0.46900568125 0.6363636359375 0.4726420453125 0.6072727265625 0.4908238640625 0.6 0.50900568125 0.6618181812499999 0.5744602265625 0.6799999999999999 0.5599147734375001 0.72 0.5453693187499999
0 0.2545454546875 0.7126420453125 0.3454545453125 0.7053693187500001 0.3636363640625 0.698096590625 0.39272727343749997 0.6544602265624999 0.40727272656249996 0.5926420453125 0.40727272656249996 0.578096590625 0.37818181875 0.5344602265625 0.33818181875 0.5126420453125 0.2872727265625 0.498096590625 0.26181818125 0.498096590625 0.23272727343750002 0.5126420453125 0.21090909062500002 0.5308238640625 0.17818181875 0.578096590625 0.1745454546875 0.618096590625 0.18181818125 0.6435511359375 0.22909090937499998 0.7017329546875 0.2545454546875 0.7126420453125
0 0.5163636359375 0.74536931875 0.6036363640625 0.7053693187500001 0.6254545453125 0.6835511359375 0.6327272734375 0.618096590625 0.6472727265625 0.5926420453125 0.6472727265625 0.5744602265625 0.6327272734375 0.5417329546875 0.5854545453125 0.4908238640625 0.5127272734375 0.4944602265625 0.46181818124999996 0.516278409375 0.42181818125000003 0.5599147734375001 0.410909090625 0.58900568125 0.40727272656249996 0.66536931875 0.429090909375 0.7126420453125 0.45818181874999997 0.7344602265625 0.5163636359375 0.74536931875
0 0.3963636359375 0.5490056812499999 0.40727272656249996 0.5671875 0.43272727343749995 0.5453693187499999 0.45454545468749996 0.516278409375 0.45454545468749996 0.4871875 0.4472727265625 0.4726420453125 0.42181818125000003 0.44718749999999996 0.39272727343749997 0.43264204531250006 0.37818181875 0.42900568124999994 0.3345454546875 0.42900568124999994 0.309090909375 0.4435511359375 0.290909090625 0.46900568125 0.2872727265625 0.4944602265625 0.33090909062499996 0.50536931875 0.3745454546875 0.5271874999999999 0.3963636359375 0.5490056812499999
0 0.8654545453125 0.66900568125 0.8727272734374999 0.6871875000000001 0.9054545453125 0.7017329546875 0.930909090625 0.7053693187500001 0.9963636359375 0.7017329546875 0.9963636359375 0.516278409375 0.96 0.5017329546875 0.9199999999999999 0.498096590625 0.8945454546875 0.5017329546875 0.850909090625 0.5235511359375 0.82181818125 0.5526420453124999 0.81818181875 0.5744602265625 0.850909090625 0.6108238640625 0.8690909093749999 0.658096590625 0.8654545453125 0.66900568125
3 0.916970909375 0.50900568125 0.88606181875 0.5138529546874999 0.8527272734375 0.528398409375 0.8430290906250001 0.5417329546875 0.8430290906250001 0.564158409375 0.8357563640624999 0.58112568125 0.84606181875 0.6065802265625 0.889090909375 0.62536931875 0.936970909375 0.576278409375 0.9424254546874999 0.5635511359375001 0.9412109093750001 0.558096590625 0.94181818125 0.558096590625 0.97030181875 0.538096590625 0.9763636359375001 0.5271874999999999 0.9393927265625001 0.5108238640625 0.916970909375 0.50900568125
2 0.290909090625 0.5423402265624999 0.22909090937499998 0.5344602265625 0.21090909062500002 0.5593075 0.216970909375 0.588398409375 0.23515272656250003 0.6005220453125 0.2624254546875 0.5968856812500001 0.27999999999999997 0.5823402265625 0.29212 0.56536931875 0.29697090937500004 0.55748931875 0.290909090625 0.5423402265624999
2 0.5375745453125 0.6659765906249999 0.5363636359374999 0.6623402265625 0.5357563640625 0.6605220453125 0.5254545453125 0.65688568125 0.5115163640625 0.6671875 0.52969818125 0.67748931875 0.5375745453125 0.6659765906249999
2 0.4642436359375 0.6914311359374999 0.48242545468750003 0.6635511359375 0.47575636406250005 0.6556711359375 0.4642436359375 0.6423402265625 0.44848363593749996 0.6556711359375 0.42969818125000003 0.66900568125 0.4357563640625 0.6859765906249999 0.4642436359375 0.6914311359374999
2 0.438789090625 0.5726420453125 0.42484727343750006 0.584158409375 0.4157563640625 0.59748931875 0.41393818125 0.60900568125 0.42000000000000004 0.6271875 0.4206072734375 0.6265802265625 0.45818181874999997 0.6071875 0.4684836359375 0.59748931875 0.46363636406250003 0.584158409375 0.438789090625 0.5726420453125