0 0.10545454531250001 0.618096590625 0.1236363640625 0.6217329546875 0.1672727265625 0.618096590625 0.1963636359375 0.5926420453125 0.22181818125000002 0.578096590625 0.22909090937499998 0.5671875 0.23272727343750002 0.5235511359375 0.22181818125000002 0.47991477343750005 0.2072727265625 0.46173295468750003 0.1854545453125 0.44718749999999996 0.16 0.4399147734375 0.1127272734375 0.44718749999999996 0.090909090625 0.458096590625 0.06181818125000001 0.4944602265625 0.05818181875 0.50900568125 0.06181818125000001 0.5526420453124999 0.0763636359375 0.58900568125 0.10545454531250001 0.618096590625
0 0.2872727265625 0.5708238640625 0.3163636359375 0.5671875 0.32 0.5308238640625 0.349090909375 0.4944602265625 0.389090909375 0.476278409375 0.41818181875000004 0.4726420453125 0.41454545468750004 0.45082386406249997 0.4 0.42900568124999994 0.389090909375 0.4217329546875 0.3236363640625 0.40355113593749997 0.27999999999999997 0.40355113593749997 0.26181818125 0.41082386406250004 0.24 0.436278409375 0.22909090937499998 0.46173295468750003 0.2254545453125 0.476278409375 0.24 0.538096590625 0.26181818125 0.5671875 0.2872727265625 0.5708238640625
0 0.22181818125000002 0.4726420453125 0.2254545453125 0.4726420453125 0.22909090937499998 0.45082386406249997 0.24363636406250003 0.42536931874999995 0.3163636359375 0.396278409375 0.3163636359375 0.3817329546875 0.3127272734375 0.3744602265625 0.3054545453125 0.3671875 0.2763636359375 0.356278409375 0.24363636406250003 0.356278409375 0.2363636359375 0.3599147734375 0.22181818125000002 0.378096590625 0.2072727265625 0.378096590625 0.1927272734375 0.38900568125 0.18181818125 0.41082386406250004 0.18181818125 0.4399147734375 0.2 0.45082386406249997 0.22181818125000002 0.4726420453125
0 0.4254545453125 0.458096590625 0.4436363640625 0.45446022656249996 0.46181818124999996 0.4435511359375 0.48 0.4217329546875 0.4945454546875 0.38900568125 0.49818181875 0.356278409375 0.4836363640625 0.31991477343749997 0.4763636359375 0.30900568125 0.43636363593749994 0.2835511359375 0.42181818125000003 0.2799147734375 0.38181818125 0.2835511359375 0.3527272734375 0.3017329546875 0.3345454546875 0.31991477343749997 0.3236363640625 0.3417329546875 0.32 0.3926420453125 0.3272727265625 0.39991477343750004 0.39272727343749997 0.418096590625 0.4254545453125 0.458096590625
0 0.58181818125 0.38536931874999997 0.6 0.3926420453125 0.6327272734375 0.3926420453125 0.6581818187499999 0.38536931874999997 0.6799999999999999 0.3635511359375 0.69818181875 0.3308238640625 0.69818181875 0.3017329546875 0.690909090625 0.27264204531249997 0.6727272734375 0.2508238640625 0.6363636359375 0.23627840937500003 0.5854545453125 0.23627840937500003 0.5636363640625001 0.2435511359375 0.53818181875 0.2617329546875 0.5236363640625 0.2908238640625 0.52 0.338096590625 0.5272727265625 0.3635511359375 0.5563636359374999 0.38536931874999997 0.58181818125 0.38536931874999997
0 0.5527272734374999 0.5271874999999999 0.5672727265625 0.5271874999999999 0.6 0.5199147734375 0.6072727265625 0.5126420453125 0.6472727265625 0.4435511359375 0.64 0.42536931874999995 0.610909090625 0.39991477343750004 0.5890909093750001 0.3926420453125 0.54181818125 0.3926420453125 0.52 0.40355113593749997 0.4945454546875 0.42900568124999994 0.4836363640625 0.45446022656249996 0.48 0.48355113593750004 0.49090909062500004 0.5017329546875 0.5054545453125 0.5017329546875 0.5527272734374999 0.5271874999999999
0 0.45454545468749996 0.45082386406249997 0.43272727343749995 0.46173295468750003 0.43636363593749994 0.46900568125 0.46909090937500003 0.476278409375 0.48 0.46173295468750003 0.49090909062500004 0.436278409375 0.52 0.39991477343750004 0.53818181875 0.38900568125 0.5163636359375 0.3417329546875 0.50181818125 0.3308238640625 0.49090909062500004 0.3308238640625 0.49818181875 0.34900568125000003 0.4945454546875 0.39991477343750004 0.4836363640625 0.4217329546875 0.45454545468749996 0.45082386406249997
0 0.7272727265625 0.42536931874999995 0.7272727265625 0.396278409375 0.730909090625 0.3926420453125 0.730909090625 0.378096590625 0.72 0.3708238640625 0.690909090625 0.3708238640625 0.6872727265624999 0.3671875 0.6799999999999999 0.3708238640625 0.6545454546875 0.396278409375 0.6545454546875 0.39991477343750004 0.6472727265625 0.40718750000000004 0.6436363640625 0.418096590625 0.650909090625 0.436278409375 0.730909090625 0.43264204531250006 0.7272727265625 0.42536931874999995
0 0.7672727265625 0.45446022656249996 0.8 0.4726420453125 0.81818181875 0.476278409375 0.8800000000000001 0.45446022656249996 0.890909090625 0.4435511359375 0.89818181875 0.42536931874999995 0.89818181875 0.40355113593749997 0.90181818125 0.39991477343750004 0.89818181875 0.3671875 0.8690909093749999 0.33446022656249996 0.8400000000000001 0.31991477343749997 0.7854545453124999 0.31991477343749997 0.770909090625 0.3271875 0.74181818125 0.3526420453125 0.7345454546875 0.3744602265625 0.7345454546875 0.3926420453125 0.730909090625 0.396278409375 0.7345454546875 0.42900568124999994 0.7672727265625 0.45446022656249996
0 0.7054545453125 0.5744602265625 0.7163636359375001 0.6035511359375 0.7272727265625 0.5744602265625 0.7527272734375 0.5490056812499999 0.8 0.5235511359375 0.8 0.5017329546875 0.7854545453124999 0.4726420453125 0.730909090625 0.436278409375 0.70181818125 0.436278409375 0.69818181875 0.43264204531250006 0.6945454546875001 0.436278409375 0.6654545453125 0.436278409375 0.64 0.45446022656249996 0.62181818125 0.47991477343750005 0.610909090625 0.5199147734375 0.6363636359375 0.5199147734375 0.6799999999999999 0.5453693187499999 0.7054545453125 0.5744602265625
0 0.8872727265625 0.5562784093750001 0.9054545453125 0.58536931875 0.9090909093749999 0.58536931875 0.9454545453125001 0.5453693187499999 0.9454545453125001 0.50536931875 0.94181818125 0.4944602265625 0.9199999999999999 0.46900568125 0.89818181875 0.46173295468750003 0.8654545453125 0.46173295468750003 0.8363636359375001 0.4726420453125 0.8254545453125001 0.47991477343750005 0.8109090906249999 0.498096590625 0.8072727265624999 0.5199147734375 0.8290909093750001 0.5235511359375 0.8727272734374999 0.5453693187499999 0.8872727265625 0.5562784093750001
0 0.8109090906249999 0.6835511359375 0.82181818125 0.6835511359375 0.8472727265625 0.6726420453124999 0.8727272734374999 0.6508238640624999 0.8945454546875 0.6144602265625 0.89818181875 0.6144602265625 0.90181818125 0.5999147734375 0.90181818125 0.58536931875 0.8836363640625 0.5562784093750001 0.86181818125 0.5417329546875 0.8254545453125001 0.5271874999999999 0.8036363640624999 0.5271874999999999 0.7636363640625 0.5453693187499999 0.730909090625 0.578096590625 0.7272727265625 0.6326420453125 0.73818181875 0.6544602265624999 0.7672727265625 0.6726420453124999 0.8109090906249999 0.6835511359375
0 0.5745454546875 0.658096590625 0.6072727265625 0.6508238640624999 0.6327272734375 0.6508238640624999 0.6581818187499999 0.6617329546875 0.6727272734375 0.676278409375 0.6836363640625 0.676278409375 0.690909090625 0.66900568125 0.709090909375 0.62536931875 0.70181818125 0.5744602265625 0.669090909375 0.5417329546875 0.6472727265625 0.5271874999999999 0.5927272734375 0.5235511359375 0.5636363640625001 0.5308238640625 0.530909090625 0.5599147734375001 0.5236363640625 0.5744602265625 0.52 0.6399147734375 0.53818181875 0.676278409375 0.5454545453125 0.676278409375 0.5745454546875 0.658096590625
0 0.50181818125 0.5490056812499999 0.50181818125 0.596278409375 0.4872727265625 0.62536931875 0.5163636359375 0.6799147734375001 0.5272727265625 0.6835511359375 0.530909090625 0.66900568125 0.52 0.6508238640624999 0.52 0.6399147734375 0.5163636359375 0.636278409375 0.5163636359375 0.58900568125 0.5527272734374999 0.5308238640625 0.53818181875 0.516278409375 0.5054545453125 0.50536931875 0.4836363640625 0.50536931875 0.4836363640625 0.516278409375 0.49090909062500004 0.5235511359375 0.50181818125 0.5490056812499999
0 0.4436363640625 0.5999147734375 0.4654545453125 0.6071875 0.48 0.618096590625 0.4945454546875 0.6035511359375 0.50181818125 0.5671875 0.49090909062500004 0.5308238640625 0.4763636359375 0.50536931875 0.44000000000000006 0.47991477343750005 0.42181818125000003 0.476278409375 0.3745454546875 0.4871875 0.3527272734375 0.498096590625 0.3236363640625 0.5344602265625 0.32 0.578096590625 0.34181818124999996 0.6144602265625 0.3854545453125 0.596278409375 0.4436363640625 0.5999147734375
0 0.290909090625 0.7271875 0.30181818125 0.7271875 0.30181818125 0.6944602265625 0.309090909375 0.676278409375 0.309090909375 0.6617329546875 0.33090909062499996 0.62536931875 0.3127272734375 0.5817329546875001 0.2763636359375 0.5744602265625 0.23272727343750002 0.578096590625 0.2036363640625 0.5926420453125 0.17090909062499998 0.62900568125 0.16363636406249998 0.6617329546875 0.1672727265625 0.6726420453124999 0.22909090937499998 0.7053693187500001 0.290909090625 0.7271875
0 0.49090909062500004 0.756278409375 0.50181818125 0.74900568125 0.509090909375 0.7308238640625 0.5127272734375 0.6871875000000001 0.49818181875 0.6508238640624999 0.4654545453125 0.6108238640625 0.43636363593749994 0.5999147734375 0.389090909375 0.5999147734375 0.36 0.6108238640625 0.3272727265625 0.6399147734375 0.3127272734375 0.66900568125 0.309090909375 0.7235511359375 0.3163636359375 0.7344602265625 0.3963636359375 0.7526420453125 0.49090909062500004 0.756278409375
0 0.5927272734375 0.756278409375 0.5963636359375 0.7526420453125 0.62181818125 0.7526420453125 0.690909090625 0.738096590625 0.690909090625 0.7199147734375 0.6836363640625 0.698096590625 0.669090909375 0.676278409375 0.6436363640625 0.658096590625 0.6254545453125 0.658096590625 0.62181818125 0.6544602265624999 0.610909090625 0.658096590625 0.5854545453125 0.658096590625 0.5599999999999999 0.66900568125 0.5236363640625 0.698096590625 0.5163636359375 0.716278409375 0.5163636359375 0.74900568125 0.5236363640625 0.756278409375 0.5927272734375 0.756278409375
0 0.709090909375 0.7344602265625 0.7127272734375001 0.7308238640625 0.7272727265625 0.7308238640625 0.74181818125 0.7235511359375 0.770909090625 0.7199147734375 0.8072727265624999 0.698096590625 0.8072727265624999 0.6908238640625 0.7527272734375 0.66900568125 0.7345454546875 0.66900568125 0.709090909375 0.6799147734375001 0.6945454546875001 0.6944602265625 0.6945454546875001 0.7308238640625 0.69818181875 0.7344602265625 0.709090909375 0.7344602265625
0 0.1527272734375 0.66536931875 0.16 0.66536931875 0.17090909062499998 0.6217329546875 0.1454545453125 0.62536931875 0.130909090625 0.6326420453125 0.1236363640625 0.6399147734375 0.14181818125 0.658096590625 0.1454545453125 0.658096590625 0.1527272734375 0.66536931875