0 0.29220779218750004 0.5980113640625 0.35064934999999997 0.5980113640625 0.3928571421875 0.5817775968750001 0.425324675 0.5493100656250001 0.44155844218749996 0.5135957796875 0.44155844218749996 0.4713879875 0.41883116875 0.419439934375 0.3733766234375 0.38372565000000003 0.32792207812499996 0.3674918828125 0.30519480468750004 0.3674918828125 0.29870129843750004 0.39021915625000003 0.25 0.419439934375 0.2240259734375 0.419439934375 0.2240259734375 0.45190746718749997 0.2110389609375 0.44866071406249997 0.1948051953125 0.45840097343749997 0.1948051953125 0.50385551875 0.2175324671875 0.5590503250000001 0.246753246875 0.5850243500000001 0.29220779218750004 0.5980113640625
0 0.1136363640625 0.5525568187500001 0.1298701296875 0.5655438312500001 0.16558441562499998 0.5752840906250001 0.1915584421875 0.5752840906250001 0.2175324671875 0.5655438312500001 0.1883116890625 0.49086850625 0.1883116890625 0.468141234375 0.178571428125 0.46489448125 0.15584415625 0.43892045468749996 0.152597403125 0.419439934375 0.16883116874999998 0.3707386359375 0.16558441562499998 0.3674918828125 0.1396103890625 0.3707386359375 0.1103896109375 0.38697240312500003 0.090909090625 0.409699675 0.077922078125 0.44541396093749996 0.074675325 0.4713879875 0.077922078125 0.4973620125 0.090909090625 0.5265827921875 0.1136363640625 0.5525568187500001
0 0.185064934375 0.7635957796875 0.2110389609375 0.7473620125 0.2370129875 0.7051542203125 0.240259740625 0.6726866890625 0.2207792203125 0.6239853890625 0.18181818125 0.5882711031250001 0.1428571421875 0.5720373375000001 0.097402596875 0.5720373375000001 0.064935065625 0.5817775968750001 0.025974026562500002 0.6142451296875 0.009740259375000001 0.6467126624999999 0.009740259375000001 0.7116477265625 0.025974026562500002 0.744115259375 0.0584415578125 0.7635957796875 0.185064934375 0.7635957796875
0 0.28896103906250004 0.72788149375 0.32142857187499996 0.734375 0.3603896109375 0.72788149375 0.3896103890625 0.7019074671875 0.40584415625 0.6759334421875 0.40584415625 0.6596996749999999 0.3928571421875 0.6402191562499999 0.3863636359375 0.6077516234375 0.3766233765625 0.5947646109375 0.30519480468750004 0.6045048703125 0.27272727343750003 0.5980113640625 0.25 0.5882711031250001 0.2370129875 0.6012581171875 0.233766234375 0.6239853890625 0.25 0.6986607140625 0.266233765625 0.71489448125 0.28896103906250004 0.72788149375
0 0.45129870156249996 0.6824269484375 0.496753246875 0.6824269484375 0.5357142859375 0.6629464281249999 0.5681818187500001 0.6239853890625 0.5746753250000001 0.5947646109375 0.5681818187500001 0.5493100656250001 0.5454545453125 0.5103490265625 0.51948051875 0.494115259375 0.496753246875 0.487621753125 0.45129870156249996 0.494115259375 0.435064934375 0.5363230515625 0.396103896875 0.5817775968750001 0.396103896875 0.6272321421875 0.402597403125 0.6467126624999999 0.428571428125 0.6726866890625 0.45129870156249996 0.6824269484375
0 0.509740259375 0.484375 0.5389610390625 0.500608765625 0.5519480515625 0.500608765625 0.5681818187500001 0.487621753125 0.5909090906250001 0.44216720781249996 0.5941558437500001 0.412946428125 0.5844155843750001 0.380478896875 0.5616883109375 0.3545048703125 0.5292207796875 0.33502434999999997 0.49350649375 0.33177759687499997 0.44805194843749996 0.3447646109375 0.41883116875 0.39671266250000004 0.415584415625 0.409699675 0.425324675 0.419439934375 0.45129870156249996 0.484375 0.509740259375 0.484375
0 0.28246753281250003 0.31879058437499996 0.29870129843750004 0.33502434999999997 0.3084415578125 0.3642451296875 0.34415584374999997 0.3674918828125 0.3863636359375 0.38697240312500003 0.402597403125 0.39995941562500004 0.409090909375 0.39995941562500004 0.41883116875 0.39021915625000003 0.43831168906249995 0.3512581171875 0.43831168906249995 0.31554383124999996 0.43181818125 0.2928165578125 0.40584415625 0.26359577968750003 0.3863636359375 0.250608765625 0.3603896109375 0.244115259375 0.3084415578125 0.2473620125 0.266233765625 0.27008928593750003 0.253246753125 0.28307629843750004 0.24350649375 0.30255681874999996 0.240259740625 0.31229707812499996 0.24350649375 0.31554383124999996 0.2629870125 0.31229707812499996 0.28246753281250003 0.31879058437499996
0 0.422077921875 0.27658279218750004 0.44155844218749996 0.3415178578125 0.47077922031249997 0.33177759687499997 0.516233765625 0.32853084374999997 0.51948051875 0.32528409062499997 0.51948051875 0.2960633109375 0.5129870125 0.28632305156250004 0.5129870125 0.27658279218750004 0.50649350625 0.26359577968750003 0.50649350625 0.244115259375 0.5 0.234375 0.3928571421875 0.234375 0.3896103890625 0.2473620125 0.422077921875 0.27658279218750004
0 0 0.3739853890625 0.003246753125 0.3772321421875 0.0454545453125 0.39671266250000004 0.08766233749999999 0.39995941562500004 0.1201298703125 0.3739853890625 0.152597403125 0.3609983765625 0.16558441562499998 0.33177759687499997 0.16883116874999998 0.299310065625 0.16233766249999998 0.27008928593750003 0.152597403125 0.250608765625 0.1331168828125 0.234375 0 0.234375 0 0.3739853890625
0 0 0.6077516234375 0.019480518750000002 0.6077516234375 0.042207792187499996 0.5947646109375 0.0584415578125 0.5785308437500001 0.097402596875 0.5687905843750001 0.103896103125 0.5622970781250001 0.103896103125 0.5460633109375 0.08116883124999999 0.5168425328125 0.071428571875 0.487621753125 0.077922078125 0.42268668906249995 0.0454545453125 0.406452921875 0.029220779687499997 0.40320616875 0 0.40320616875 0 0.6077516234375
0 0.6233766234375 0.47788149375 0.6233766234375 0.4973620125 0.6136363640625 0.5168425328125 0.6168831171875 0.5363230515625 0.6298701296875 0.5460633109375 0.6525974031249999 0.5525568187500001 0.6883116890625 0.5525568187500001 0.7142857140625 0.5428165578125 0.74350649375 0.5135957796875 0.753246753125 0.487621753125 0.75649350625 0.45840097343749997 0.75 0.42918019531249996 0.7272727265625 0.40320616875 0.6980519484375 0.39021915625000003 0.6558441562499999 0.39021915625000003 0.6331168828125 0.39995941562500004 0.6266233765625 0.409699675 0.6266233765625 0.44541396093749996 0.6233766234375 0.44866071406249997 0.6266233765625 0.474634740625 0.6233766234375 0.47788149375
0 0.733766234375 0.74086850625 0.76948051875 0.7473620125 0.81818181875 0.74086850625 0.8474025968750001 0.71489448125 0.8636363640625 0.6856737015625 0.8668831171875 0.6369724031249999 0.8603896109375 0.6142451296875 0.8474025968750001 0.5915178578125 0.8149350656250001 0.5687905843750001 0.759740259375 0.5558035718750001 0.7272727265625 0.5590503250000001 0.6915584421875 0.5817775968750001 0.6655844156249999 0.6174918828125 0.6623376624999999 0.6467126624999999 0.6818181812499999 0.7019074671875 0.6980519484375 0.7213879875 0.733766234375 0.74086850625
0 0.8798701296875 0.5687905843750001 0.91883116875 0.5817775968750001 0.9350649343749999 0.5817775968750001 0.9967532468750001 0.5590503250000001 0.9967532468750001 0.44866071406249997 0.9740259734375 0.42593344218749996 0.9383116890625001 0.412946428125 0.8961038968749999 0.41619318125 0.8571428578125 0.44541396093749996 0.8409090906250001 0.474634740625 0.8376623375 0.500608765625 0.8409090906250001 0.5265827921875 0.8474025968750001 0.5395698046875 0.8798701296875 0.5687905843750001