0 0.37451737500000004 0.49951737500000004 0.4131274125 0.5265444015625 0.521235521875 0.514961390625 0.5637065640625 0.4763513515625 0.575289575 0.4570463328125 0.5830115828125 0.4145752890625 0.5675675671875 0.3759652515625 0.48648648593750005 0.29488417031249997 0.40540540468749997 0.29488417031249997 0.3552123546875 0.3373552125 0.33976833906250004 0.3643822390625 0.33204633281249996 0.3875482625 0.33204633281249996 0.433880309375 0.34362934375 0.46090733593750005 0.37451737500000004 0.49951737500000004
0 0.48648648593750005 0.2331081078125 0.49034749062499994 0.2871621625 0.54440154375 0.352799228125 0.6023166015625 0.3759652515625 0.6486486484375 0.372104246875 0.6833976828125 0.3450772203125 0.7142857140625 0.30646718125 0.7451737453125 0.2446911203125 0.7451737453125 0.2138030890625 0.7297297296874999 0.1790540546875 0.7104247109374999 0.1520270265625 0.675675675 0.125 0.5714285718750001 0.125 0.49420849375 0.209942084375 0.48648648593750005 0.2331081078125
0 0.7451737453125 0.51882239375 0.822393821875 0.5226833984375 0.8494208499999999 0.5072393828124999 0.8803088796875 0.4763513515625 0.903474903125 0.43774131250000003 0.915057915625 0.3991312734375 0.915057915625 0.36824324375 0.8996139 0.3334942078125 0.86872586875 0.30646718125 0.8069498062499999 0.2833011578125 0.7644787640625 0.2833011578125 0.7297297296874999 0.29488417031249997 0.6602316609375001 0.36824324375 0.65637065625 0.37982625468750003 0.652509653125 0.41843629375 0.6679536671874999 0.46090733593750005 0.702702703125 0.4956563703125 0.7451737453125 0.51882239375
0 0.6949806953125 0.7852316609375001 0.71814671875 0.796814671875 0.7644787640625 0.8006756749999999 0.8455598453125001 0.7582046328125001 0.8918918921874999 0.7195945953125 0.903474903125 0.68098455625 0.903474903125 0.646235521875 0.8880308875 0.603764478125 0.8532818531249999 0.5612934359375 0.8069498062499999 0.5265444015625 0.7567567562499999 0.5226833984375 0.7104247109374999 0.5419884171875 0.6795366796875 0.565154440625 0.652509653125 0.6076254828125001 0.6293436296875 0.6539575296875 0.6370656375 0.7080115828125 0.652509653125 0.7427606171875001 0.6949806953125 0.7852316609375001
0 0.478764478125 0.7890926640625 0.525096525 0.7852316609375001 0.559845559375 0.7697876453125 0.5868725875 0.7466216218749999 0.6138996140625 0.7041505796875 0.6216216218749999 0.6269305015625 0.5868725875 0.56901544375 0.5637065640625 0.5458494203125 0.521235521875 0.5226833984375 0.46332046406250005 0.5226833984375 0.4169884171875 0.5419884171875 0.37451737500000004 0.5921814671875001 0.359073359375 0.6269305015625 0.3552123546875 0.684845559375 0.37451737500000004 0.7273166015625 0.3976833984375 0.7466216218749999 0.478764478125 0.7890926640625
0 0.1737451734375 0.8431467187499999 0.2084942078125 0.847007721875 0.28185328125 0.8238416984375 0.3204633203125 0.7852316609375001 0.347490346875 0.7427606171875001 0.3359073359375 0.6423745171874999 0.3166023171875 0.6076254828125001 0.2625482625 0.56901544375 0.22393822343749997 0.5612934359375 0.1698841703125 0.56901544375 0.127413128125 0.5960424703125 0.0926640921875 0.63079150625 0.07722007656249999 0.6578185328124999 0.06949806875 0.735038609375 0.084942084375 0.777509653125 0.1235521234375 0.8122586875 0.1737451734375 0.8431467187499999
0 0.17760617812499999 0.5419884171875 0.20077219999999998 0.5419884171875 0.24324324375 0.5226833984375 0.28957528906249996 0.46862934375 0.297297296875 0.44932432499999997 0.3011583015625 0.402992278125 0.28957528906249996 0.372104246875 0.23166023125000001 0.31805019375 0.19305019375000002 0.29488417031249997 0.146718146875 0.291023165625 0.11583011562500001 0.302606178125 0.046332046875 0.3759652515625 0.0424710421875 0.4300193046875 0.050193049999999996 0.44932432499999997 0.1119691125 0.5111003859375 0.17760617812499999 0.5419884171875
0 0.0424710421875 0.20608108125000002 0.06177606249999999 0.2331081078125 0.10038609999999999 0.26399613906249997 0.1235521234375 0.271718146875 0.1853281859375 0.2678571421875 0.23166023125000001 0.23696911250000002 0.2509652515625 0.209942084375 0.2625482625 0.15974903437500002 0.2625482625 0.140444015625 0.25482625468750003 0.125 0.046332046875 0.125 0.034749034375 0.15974903437500002 0.0424710421875 0.20608108125000002
0 0.347490346875 0.6578185328124999 0.3513513515625 0.6346525093750001 0.3629343625 0.6114864859375 0.39382239375 0.5574324328125 0.4131274125 0.534266409375 0.37709266406249997 0.5059536671875 0.34362934375 0.4647683390625 0.3359073359375 0.44546332031249997 0.3050193046875 0.453185328125 0.247104246875 0.5304054046875 0.24324324375 0.5574324328125 0.29343629375 0.58059845625 0.32432432499999997 0.6153474906249999 0.347490346875 0.6578185328124999
0 0.3204633203125 0.41071428593750003 0.328185328125 0.3991312734375 0.33976833906250004 0.352799228125 0.38223938281250003 0.302606178125 0.4131274125 0.2871621625 0.4517374515625 0.2833011578125 0.44787644843749996 0.260135134375 0.42084942031250006 0.2176640921875 0.347490346875 0.1867760625 0.3127413125 0.1867760625 0.2702702703125 0.20608108125000002 0.2509652515625 0.221525096875 0.227799228125 0.26399613906249997 0.227799228125 0.3103281859375 0.24324324375 0.321911196875 0.3127413125 0.41071428593750003 0.3204633203125 0.41071428593750003
0 0.575289575 0.5535714281249999 0.6332046328125001 0.6346525093750001 0.675675675 0.5612934359375 0.7104247109374999 0.5381274125 0.71814671875 0.5265444015625 0.7142857140625 0.514961390625 0.6486486484375 0.43774131250000003 0.6138996140625 0.43774131250000003 0.5830115828125 0.44932432499999997 0.5637065640625 0.48407335937499996 0.5289575296875 0.51882239375 0.55598455625 0.534266409375 0.575289575 0.5535714281249999
0 0.6370656375 0.8354247109375 0.559845559375 0.7929536671874999 0.50579150625 0.7929536671874999 0.47490347499999996 0.8006756749999999 0.4517374515625 0.816119690625 0.4169884171875 0.8547297296874999 0.409266409375 0.8701737453125 0.6640926640625 0.8701737453125 0.65637065625 0.8547297296874999 0.6370656375 0.8354247109375
0 0 0.8315637062500001 0.0424710421875 0.7929536671874999 0.065637065625 0.7543436296875 0.06949806875 0.68098455625 0.06949806875 0.6539575296875 0.057915057812500004 0.63079150625 0.030888031249999996 0.603764478125 0.0038610031250000004 0.5883204640625 0 0.5883204640625 0 0.8315637062500001
0 0.8262548265625 0.2833011578125 0.864864865625 0.2987451734375 0.8996139 0.32577219999999996 0.93050193125 0.2871621625 0.91891891875 0.2446911203125 0.8957528953124999 0.209942084375 0.8610038609374999 0.1829150578125 0.8494208499999999 0.1790540546875 0.8030888031250001 0.1790540546875 0.7915057921875001 0.1829150578125 0.76833976875 0.20608108125000002 0.752895753125 0.2138030890625 0.7490347484375001 0.252413128125 0.7335907328125 0.2871621625 0.7567567562499999 0.2794401546875 0.8262548265625 0.2833011578125
0 0.8610038609374999 0.17519305000000002 0.9073359078125 0.209942084375 0.9227799234375 0.2176640921875 0.9768339765625 0.2176640921875 0.996138996875 0.209942084375 0.996138996875 0.125 0.8416988421875 0.125 0.8416988421875 0.13272200781250001 0.8610038609374999 0.17519305000000002
0 0.996138996875 0.7234555984375 0.996138996875 0.5033783781250001 0.9884169890625 0.5033783781250001 0.9806949812499999 0.514961390625 0.953667953125 0.584459459375 0.9420849421874999 0.6230694984375 0.9420849421874999 0.665540540625 0.9729729734375001 0.7080115828125 0.996138996875 0.7234555984375
0 0.76833976875 0.8045366796875 0.7644787640625 0.816119690625 0.7722007718749999 0.8392857140625001 0.783783784375 0.847007721875 0.86872586875 0.8392857140625001 0.9111969109375 0.847007721875 0.9459459453125 0.8624517375 0.9575289578125 0.8585907328125 0.9922779921875 0.8006756749999999 0.996138996875 0.7582046328125001 0.9845559843749999 0.7273166015625 0.9459459453125 0.68098455625 0.91891891875 0.6539575296875 0.9073359078125 0.6539575296875 0.9073359078125 0.6887065640625 0.8918918921874999 0.7273166015625 0.8378378375000001 0.7697876453125 0.76833976875 0.8045366796875