0 0.0537109375 0.6123046875 0.0654296875 0.623046875 0.0703125 0.6396484375 0.095703125 0.6806640625 0.1845703125 0.7822265625 0.19921875 0.8076171875 0.205078125 0.810546875 0.2255859375 0.849609375 0.240234375 0.8671875 0.2783203125 0.8974609375 0.2978515625 0.9189453125 0.353515625 0.9599609375 0.3994140625 0.9765625 0.462890625 0.9912109375 0.560546875 0.990234375 0.6025390625 0.9853515625 0.6484375 0.9736328125 0.740234375 0.931640625 0.7998046875 0.8916015625 0.8642578125 0.8212890625 0.904296875 0.7578125 0.96484375 0.6201171875 0.978515625 0.5244140625 0.982421875 0.384765625 0.9716796875 0.298828125 0.9541015625 0.24609375 0.9326171875 0.2119140625 0.892578125 0.1640625 0.8447265625 0.12109375 0.7822265625 0.0771484375 0.734375 0.0537109375 0.6650390625 0.0263671875 0.609375 0.0107421875 0.5439453125 0.005859375 0.5 0.0078125 0.40234375 0.0224609375 0.3193359375 0.05078125 0.234375 0.0966796875 0.1689453125 0.1474609375 0.1279296875 0.189453125 0.0947265625 0.23046875 0.0546875 0.2998046875 0.0390625 0.341796875 0.0224609375 0.4443359375 0.0205078125 0.490234375 0.025390625 0.54296875 0.0400390625 0.5869140625 0.0537109375 0.6123046875
2 0.6533203125 0.6376953125 0.6650390625 0.626953125 0.6640625 0.6171875 0.65234375 0.603515625 0.6318359375 0.603515625 0.62109375 0.6123046875 0.6201171875 0.623046875 0.6240234375 0.6328125 0.6357421875 0.6396484375 0.6533203125 0.6376953125
2 0.6728515625 0.3896484375 0.6611328125 0.373046875 0.6484375 0.375 0.64453125 0.380859375 0.6455078125 0.392578125 0.654296875 0.3974609375 0.666015625 0.3974609375 0.6728515625 0.3896484375
2 0.7119140625 0.2890625 0.7177734375 0.271484375 0.7060546875 0.2568359375 0.6865234375 0.248046875 0.67578125 0.2578125 0.671875 0.275390625 0.677734375 0.283203125 0.6982421875 0.2919921875 0.7119140625 0.2890625
2 0.791015625 0.2568359375 0.79296875 0.24609375 0.7822265625 0.2294921875 0.7568359375 0.2275390625 0.75390625 0.240234375 0.76171875 0.2529296875 0.7783203125 0.259765625 0.791015625 0.2568359375
2 0.7578125 0.1513671875 0.7607421875 0.1474609375 0.7578125 0.13671875 0.744140625 0.1240234375 0.728515625 0.1181640625 0.7158203125 0.12109375 0.7158203125 0.1298828125 0.7255859375 0.1435546875 0.748046875 0.15234375 0.7578125 0.1513671875
2 0.5849609375 0.1123046875 0.5888671875 0.10546875 0.61328125 0.0947265625 0.609375 0.0859375 0.599609375 0.0810546875 0.5830078125 0.0859375 0.55078125 0.087890625 0.546875 0.09765625 0.5517578125 0.10546875 0.5732421875 0.11328125 0.5849609375 0.1123046875
2 0.55078125 0.0380859375 0.541015625 0.029296875 0.5146484375 0.03125 0.5126953125 0.0361328125 0.5224609375 0.04296875 0.5400390625 0.04296875 0.55078125 0.0380859375
2 0.3955078125 0.060546875 0.3837890625 0.0673828125 0.384765625 0.072265625 0.39453125 0.072265625 0.4072265625 0.0634765625 0.3955078125 0.060546875
2 0.439453125 0.1318359375 0.4365234375 0.119140625 0.4228515625 0.1123046875 0.4091796875 0.115234375 0.396484375 0.1259765625 0.396484375 0.1376953125 0.4091796875 0.146484375 0.4306640625 0.1435546875 0.439453125 0.1318359375
2 0.3564453125 0.1435546875 0.3466796875 0.1396484375 0.33203125 0.1474609375 0.3310546875 0.154296875 0.33984375 0.15625 0.353515625 0.15234375 0.3564453125 0.1435546875
2 0.23046875 0.150390625 0.2197265625 0.1572265625 0.2197265625 0.162109375 0.2255859375 0.162109375 0.2353515625 0.1533203125 0.23046875 0.150390625
2 0.650390625 0.0703125 0.6650390625 0.0703125 0.6455078125 0.0615234375 0.650390625 0.0703125
2 0.3701171875 0.73046875 0.3720703125 0.7392578125 0.3857421875 0.736328125 0.3798828125 0.7275390625 0.3701171875 0.73046875
2 0.82421875 0.1572265625 0.8173828125 0.150390625 0.8115234375 0.150390625 0.8125 0.1552734375 0.8232421875 0.162109375 0.82421875 0.1572265625