0 0.125850340625 0.6889668375 0.125850340625 0.6311437078125001 0.1666666671875 0.5699192171874999 0.217687075 0.5427083328125 0.29251700625 0.5427083328125 0.29251700625 0.5325042515625 0.24149659843750002 0.48148384375 0.16326530625 0.46787840156250005 0.16326530625 0.454272959375 0.153061225 0.44406887812500007 0.1666666671875 0.41685799375 0.156462584375 0.41345663281249995 0.146258503125 0.48488520468749996 0.102040815625 0.5052933671875001 0.0680272109375 0.552912415625 0.06462585 0.5971301015625 0.07482993125000001 0.6311437078125001 0.08843537343749999 0.65495323125 0.125850340625 0.6889668375
0 0.2142857140625 0.78420493125 0.2755102046875 0.7876062921875 0.319727890625 0.780803571875 0.3571428578125 0.746789965625 0.38435374218749996 0.6957695578124999 0.38435374218749996 0.6311437078125001 0.36734693906250004 0.5937287421875 0.33673469375 0.563116496875 0.299319728125 0.54610969375 0.24489795937499997 0.5427083328125 0.22448979531250002 0.5120960890624999 0.21088435312499998 0.5154974484375 0.21088435312499998 0.5495110546875 0.1666666671875 0.5733205781249999 0.1326530609375 0.6209396265625 0.125850340625 0.6651573125 0.136054421875 0.7127763609375 0.17346938750000002 0.76379676875 0.2142857140625 0.78420493125
0 0.3911564625 0.64474915 0.3911564625 0.7025722796875 0.4149659859375 0.71957908125 0.45578231249999995 0.709375 0.4591836734375 0.6787627546875 0.45238095312500004 0.6413477890625 0.4591836734375 0.607334184375 0.48299319687500003 0.5665178578125001 0.5238095234375 0.5325042515625 0.5170068031249999 0.5120960890624999 0.45578231249999995 0.46787840156250005 0.4047619046875 0.464477040625 0.34693877500000003 0.4882865640625 0.3299319734375 0.5018920062500001 0.3129251703125 0.529102890625 0.309523809375 0.54610969375 0.34693877500000003 0.5665178578125001 0.3775510203125 0.6039328234375 0.3911564625 0.64474915
0 0.5578231296875 0.780803571875 0.6292517 0.78420493125 0.6496598640625 0.7774022109375001 0.700680271875 0.7331845234375 0.7210884359375 0.6923681968750001 0.717687075 0.6277423468750001 0.690476190625 0.5699192171874999 0.6496598640625 0.5359056125 0.5714285718750001 0.5052933671875001 0.5612244890625 0.5052933671875001 0.5510204078125 0.52570153125 0.5068027203125001 0.5495110546875 0.4795918375 0.5767219390625 0.4591836734375 0.6141369046875 0.4591836734375 0.671960034375 0.4795918375 0.726381803125 0.5068027203125001 0.7569940468749999 0.5578231296875 0.780803571875
0 0.6326530609375001 0.5223001703125 0.646258503125 0.4950892859375 0.6938775515625 0.4576743203125 0.690476190625 0.43726615625000004 0.6292517 0.38624574843750004 0.61904761875 0.3794430265625 0.602040815625 0.38624574843750004 0.57482993125 0.38624574843750004 0.5510204078125 0.362436225 0.5442176875 0.3692389453125 0.5408163265625 0.39304846875 0.4965986390625 0.410055271875 0.46598639531249997 0.44406887812500007 0.462585034375 0.464477040625 0.5306122453125 0.52570153125 0.5510204078125 0.518898809375 0.6326530609375001 0.5223001703125
0 0.7312925171875 0.682164115625 0.7585034015625001 0.6787627546875 0.7959183671875001 0.661755953125 0.8469387749999999 0.6243409859375 0.8673469390624999 0.6005314625 0.8707483 0.5495110546875 0.863945578125 0.518898809375 0.8435374156250001 0.491687925 0.7959183671875001 0.4576743203125 0.7585034015625001 0.4474702375 0.710884353125 0.454272959375 0.6598639453125 0.48488520468749996 0.6394557828125 0.5120960890624999 0.636054421875 0.52570153125 0.6802721093749999 0.552912415625 0.710884353125 0.6005314625 0.7312925171875 0.682164115625
0 0.8911564625 0.498490646875 0.9421768703125 0.498490646875 0.952380953125 0.4882865640625 0.9727891156249999 0.4338647953125 0.982993196875 0.38624574843750004 0.9863945578125 0.3046130953125 0.9795918374999999 0.27400085 0.9455782312500001 0.26379676875 0.8877551015625 0.26379676875 0.863945578125 0.2705994890625 0.8197278906250001 0.3046130953125 0.7959183671875001 0.3522321421875 0.7959183671875001 0.41685799375 0.8197278906250001 0.464477040625 0.863945578125 0.491687925 0.8911564625 0.498490646875
0 0.6054421765625 0.2671981296875 0.6054421765625 0.28420493125 0.59863945625 0.29440901406250003 0.6054421765625 0.3420280609375 0.625850340625 0.3760416671875 0.653061225 0.399851190625 0.7040816328124999 0.4236607140625 0.7585034015625001 0.42025935312499996 0.789115646875 0.399851190625 0.79251700625 0.3488307828125 0.8061224484375 0.31481717656249997 0.8299319734375 0.2876062921875 0.8231292515625 0.25359268749999997 0.809523809375 0.226381803125 0.79251700625 0.209375 0.636054421875 0.209375 0.6292517 0.21277636093750002 0.6054421765625 0.2671981296875
0 0.527210884375 0.3420280609375 0.5306122453125 0.365837584375 0.537414965625 0.3760416671875 0.5680272109375 0.38624574843750004 0.591836734375 0.38624574843750004 0.6224489796875 0.3760416671875 0.6054421765625 0.3488307828125 0.59863945625 0.3318239796875 0.59863945625 0.311415815625 0.5952380953125 0.30801445625 0.5952380953125 0.2978103734375 0.602040815625 0.28420493125 0.602040815625 0.26379676875 0.61904761875 0.22978316250000003 0.61904761875 0.2229804421875 0.602040815625 0.21957908124999997 0.57482993125 0.22978316250000003 0.5544217687499999 0.2433886046875 0.537414965625 0.26379676875 0.527210884375 0.2876062921875 0.527210884375 0.2978103734375 0.5238095234375 0.301211734375 0.5238095234375 0.3386267 0.527210884375 0.3420280609375
0 0.8265306125 0.25359268749999997 0.8367346937500001 0.2774022109375 0.8469387749999999 0.2774022109375 0.8843537421875001 0.26039540781250003 0.9625850343750001 0.26379676875 0.9659863953125001 0.2671981296875 0.982993196875 0.2705994890625 0.9761904765624999 0.21957908124999997 0.9625850343750001 0.209375 0.8605442171875 0.209375 0.8299319734375 0.236585884375 0.8265306125 0.25359268749999997
0 0.874149659375 0.5767219390625 0.8775510203125 0.5801233 0.8843537421875001 0.5801233 0.8911564625 0.5733205781249999 0.8945578234375 0.5733205781249999 0.918367346875 0.54610969375 0.9319727890625 0.518898809375 0.9387755109375 0.5120960890624999 0.9387755109375 0.5052933671875001 0.88095238125 0.5018920062500001 0.8775510203125 0.498490646875 0.8673469390624999 0.498490646875 0.863945578125 0.4950892859375 0.8571428578125 0.4950892859375 0.8571428578125 0.498490646875 0.8707483 0.52570153125 0.874149659375 0.5767219390625
0 0.8129251703125 0.4610756796875 0.8027210890625 0.4338647953125 0.79251700625 0.4236607140625 0.7857142859375 0.42025935312499996 0.7755102046875 0.427062075 0.7653061218749999 0.427062075 0.7585034015625001 0.4338647953125 0.755102040625 0.44406887812500007 0.7687074828125 0.44406887812500007 0.77210884375 0.4474702375 0.8129251703125 0.4610756796875
0 0.7380952375 0.44406887812500007 0.7482993203125 0.44406887812500007 0.7585034015625001 0.4236607140625 0.7482993203125 0.4236607140625 0.744897959375 0.427062075 0.7244897953125 0.427062075 0.7142857140625 0.4304634359375 0.710884353125 0.43726615625000004 0.7210884359375 0.4474702375 0.7346938781250001 0.4474702375 0.7380952375 0.44406887812500007