0 0.1973684203125 0.5907894734375 0.22894736875000002 0.5881578953125 0.24473684218749997 0.5802631578125 0.26578947343750003 0.556578946875 0.27894736875000004 0.5092105265625 0.27894736875000004 0.49078947343749996 0.26578947343750003 0.46710526249999995 0.21578947343750002 0.4486842109375 0.2052631578125 0.44078947343749997 0.1473684203125 0.44342105312499996 0.12894736874999999 0.45131578906250003 0.118421053125 0.464473684375 0.118421053125 0.4986842109375 0.1473684203125 0.5592105265625 0.1657894734375 0.5828947375 0.1973684203125 0.5907894734375
0 0.1131578953125 0.34342105312500004 0.1131578953125 0.364473684375 0.1368421046875 0.41184210468750004 0.1631578953125 0.43815789531249993 0.2026315796875 0.43815789531249993 0.27105263125 0.46184210468750003 0.289473684375 0.45921052656250005 0.3131578953125 0.4486842109375 0.3368421046875 0.41184210468750004 0.3421052625 0.3618421046875 0.331578946875 0.3407894734375 0.310526315625 0.325 0.12631578906250002 0.325 0.118421053125 0.3328947375 0.1131578953125 0.34342105312500004
0 0.6552631578125 0.3618421046875 0.6578947375 0.4092105265625 0.6868421046875001 0.45131578906250003 0.7026315796875 0.45921052656250005 0.7236842109375 0.46184210468750003 0.7973684203125 0.43815789531249993 0.8052631578125 0.4302631578125 0.818421053125 0.385526315625 0.810526315625 0.34342105312500004 0.7973684203125 0.325 0.689473684375 0.325 0.6631578953124999 0.34605263124999996 0.6552631578125 0.3618421046875
0 0.5842105265625 0.6223684203125 0.67105263125 0.6223684203125 0.7 0.606578946875 0.7236842109375 0.5828947375 0.7263157890625 0.5671052624999999 0.7026315796875 0.5013157890625 0.6842105265625 0.4802631578125 0.6657894734375 0.4697368421875 0.6052631578125001 0.46710526249999995 0.5868421046875001 0.4723684203125 0.5657894734375 0.4881578953125 0.5526315796875 0.5118421046875 0.55 0.543421053125 0.5552631578125 0.575 0.5710526312499999 0.6118421046875 0.5842105265625 0.6223684203125
0 0.2842105265625 0.5986842109375 0.32631578906250003 0.6223684203125 0.40789473750000005 0.625 0.42105263125 0.6144736843749999 0.43947368437499995 0.5697368421875 0.4447368421875 0.5407894734375 0.4447368421875 0.5118421046875 0.42105263125 0.47763157968750003 0.3868421046875 0.46710526249999995 0.3421052625 0.46710526249999995 0.3131578953125 0.4802631578125 0.2921052625 0.506578946875 0.289473684375 0.525 0.26842105312500003 0.564473684375 0.26842105312500003 0.5802631578125 0.2842105265625 0.5986842109375
0 0 0.5355263156250001 0.031578946875 0.5328947375 0.0631578953125 0.5197368421874999 0.07894736875 0.50394736875 0.0842105265625 0.49342105312499995 0.09210526249999999 0.4486842109375 0.0763157890625 0.39605263125 0.0657894734375 0.385526315625 0.042105262500000004 0.3723684203125 0.018421053125 0.36973684218749997 0 0.3723684203125 0 0.5355263156250001
0 0 0.6144736843749999 0.0052631578125000005 0.625 0.031578946875 0.64605263125 0.089473684375 0.64605263125 0.12105263125000001 0.6223684203125 0.12631578906250002 0.5697368421875 0.11578947343749998 0.5355263156250001 0.1052631578125 0.5223684203125 0.089473684375 0.514473684375 0.0763157890625 0.514473684375 0.0631578953125 0.525 0.031578946875 0.5381578953124999 0 0.5407894734375 0 0.6144736843749999
0 0.45 0.45394736875 0.45 0.5118421046875 0.4526315796875 0.5223684203125 0.45526315781250004 0.5223684203125 0.45789473750000004 0.5302631578125 0.518421053125 0.525 0.5342105265625 0.5092105265625 0.5421052625 0.506578946875 0.5447368421875 0.49342105312499995 0.5447368421875 0.4092105265625 0.5315789468750001 0.4013157890625 0.4657894734375 0.4013157890625 0.4526315796875 0.4092105265625 0.45526315781250004 0.41973684218749996 0.4526315796875 0.4223684203125 0.45526315781250004 0.44342105312499996 0.45 0.45394736875
0 0.32631578906250003 0.46184210468750003 0.3342105265625 0.464473684375 0.360526315625 0.46184210468750003 0.3631578953125 0.464473684375 0.4 0.46710526249999995 0.42894736875 0.47763157968750003 0.4421052625 0.4723684203125 0.4526315796875 0.43815789531249993 0.45 0.43552631562500005 0.4526315796875 0.41973684218749996 0.45 0.406578946875 0.4526315796875 0.40394736875000004 0.4421052625 0.38026315781250003 0.42368421093749997 0.36710526250000003 0.389473684375 0.35921052656249997 0.360526315625 0.35921052656249997 0.3473684203125 0.364473684375 0.3473684203125 0.3776315796875 0.3342105265625 0.4276315796875 0.32105263125 0.4486842109375 0.32631578906250003 0.46184210468750003
0 0.55 0.46710526249999995 0.5631578953124999 0.47763157968750003 0.5763157890625 0.475 0.5894736843749999 0.46710526249999995 0.639473684375 0.464473684375 0.6421052625 0.46184210468750003 0.6657894734375 0.464473684375 0.67105263125 0.45921052656250005 0.6736842109375 0.43815789531249993 0.6605263156250001 0.4223684203125 0.6526315796875 0.406578946875 0.65 0.364473684375 0.6473684203125 0.3618421046875 0.6078947375 0.35921052656249997 0.5736842109375 0.36710526250000003 0.5631578953124999 0.3723684203125 0.5473684203125 0.39342105312500003 0.5473684203125 0.414473684375 0.5447368421875 0.41710526249999996 0.5473684203125 0.45921052656250005 0.55 0.46710526249999995
0 0.42894736875 0.35921052656249997 0.4657894734375 0.39605263125 0.481578946875 0.39078947343750003 0.4921052625 0.3986842109375 0.52894736875 0.39605263125 0.539473684375 0.39078947343750003 0.5552631578125 0.375 0.5657894734375 0.35394736875 0.5631578953124999 0.325 0.43684210468750007 0.325 0.43157894687500004 0.33026315781250004 0.42894736875 0.35921052656249997
0 0.42368421093749997 0.64605263125 0.45526315781250004 0.6723684203125 0.5368421046875 0.6697368421875 0.560526315625 0.6407894734374999 0.5710526312499999 0.6197368421875 0.5578947375000001 0.5881578953125 0.55 0.5486842109375 0.5157894734374999 0.5302631578125 0.4973684203125 0.5276315796875 0.4763157890625 0.5302631578125 0.4447368421875 0.543421053125 0.4447368421875 0.556578946875 0.43157894687500004 0.5986842109375 0.418421053125 0.6223684203125 0.42368421093749997 0.64605263125
0 0.9657894734375001 0.5328947375 0.9868421046875 0.5355263156250001 0.9973684203125 0.5328947375 0.9973684203125 0.3723684203125 0.9710526312500001 0.36973684218749997 0.9552631578125 0.3723684203125 0.939473684375 0.38026315781250003 0.9263157890624999 0.39078947343750003 0.9236842109375001 0.414473684375 0.9105263156250001 0.4302631578125 0.9078947375 0.475 0.9263157890624999 0.5118421046875 0.939473684375 0.5223684203125 0.9657894734375001 0.5328947375
0 0.77894736875 0.5907894734375 0.82894736875 0.585526315625 0.8578947375 0.543421053125 0.8815789468749999 0.4881578953125 0.8815789468749999 0.475 0.8736842109375 0.456578946875 0.8578947375 0.44605263125 0.8447368421875 0.44605263125 0.8342105265624999 0.44078947343749997 0.8 0.44078947343749997 0.768421053125 0.45131578906250003 0.7263157890625 0.4697368421875 0.72105263125 0.4802631578125 0.72105263125 0.5355263156250001 0.731578946875 0.5618421046875001 0.7552631578125 0.5828947375 0.77894736875 0.5907894734375
0 0.8815789468749999 0.625 0.8921052625 0.6302631578125 0.8947368421874999 0.6381578953125 0.9105263156250001 0.6486842109375 0.9263157890624999 0.64605263125 0.95 0.6486842109375 0.9657894734375001 0.643421053125 0.9894736843749999 0.6223684203125 0.9973684203125 0.6092105265625001 0.9973684203125 0.543421053125 0.9842105265625 0.5381578953124999 0.9552631578125 0.5355263156250001 0.92894736875 0.5223684203125 0.92105263125 0.514473684375 0.9078947375 0.514473684375 0.8921052625 0.5223684203125 0.8789473687499999 0.5381578953124999 0.8789473687499999 0.54605263125 0.8710526312500001 0.5592105265625 0.8710526312500001 0.5802631578125 0.8815789468749999 0.625
0 0.8526315796875 0.6723684203125 0.8578947375 0.6697368421875 0.8684210531250001 0.6486842109375 0.8684210531250001 0.6302631578125 0.8631578953125001 0.6118421046875 0.8421052625 0.5881578953125 0.8263157890624999 0.5881578953125 0.789473684375 0.59605263125 0.7657894734374999 0.5907894734375 0.75 0.5907894734375 0.7421052625 0.5934210531249999 0.731578946875 0.606578946875 0.72894736875 0.6486842109375 0.7368421046875 0.664473684375 0.7368421046875 0.6723684203125 0.8526315796875 0.6723684203125
0 0.8157894734375001 0.36710526250000003 0.818421053125 0.36973684218749997 0.818421053125 0.41710526249999996 0.8131578953125 0.425 0.8131578953125 0.43552631562500005 0.8368421046875 0.43552631562500005 0.8421052625 0.4328947375 0.8736842109375 0.39342105312500003 0.8736842109375 0.385526315625 0.8789473687499999 0.38289473749999997 0.8815789468749999 0.375 0.8815789468749999 0.33026315781250004 0.8789473687499999 0.325 0.8 0.325 0.810526315625 0.335526315625 0.8157894734375001 0.36710526250000003