0 0.09652509687500001 0.5033783781250001 0.1428571421875 0.51882239375 0.1698841703125 0.514961390625 0.22393822343749997 0.4802123546875 0.2355212359375 0.46862934375 0.2509652515625 0.41843629375 0.247104246875 0.3875482625 0.23166023125000001 0.352799228125 0.2046332046875 0.32577219999999996 0.1737451734375 0.3103281859375 0.127413128125 0.30646718125 0.09652509687500001 0.31418918906250004 0.06177606249999999 0.341216215625 0.050193049999999996 0.35666023125 0.0424710421875 0.383687259375 0.038610039062500004 0.3991312734375 0.0424710421875 0.42229729687499995 0.06177606249999999 0.46862934375 0.09652509687500001 0.5033783781250001
0 0.459459459375 0.765926640625 0.478764478125 0.7582046328125001 0.525096525 0.715733590625 0.5482625484375 0.6732625484375 0.5521235515625 0.6423745171874999 0.5366795359375 0.5883204640625 0.5096525093750001 0.5612934359375 0.4826254828125 0.5458494203125 0.4517374515625 0.5381274125 0.4131274125 0.5381274125 0.38223938281250003 0.5458494203125 0.347490346875 0.5728764484375 0.32432432499999997 0.6114864859375 0.32432432499999997 0.684845559375 0.3552123546875 0.73117760625 0.3976833984375 0.7620656375 0.459459459375 0.765926640625
0 0.55598455625 0.5612934359375 0.575289575 0.584459459375 0.625482625 0.6114864859375 0.6988416984375 0.6153474906249999 0.7142857140625 0.6076254828125001 0.7490347484375001 0.56901544375 0.7722007718749999 0.5265444015625 0.7760617765625 0.46862934375 0.7606177609375 0.42229729687499995 0.7374517375 0.3952702703125 0.6795366796875 0.36824324375 0.6370656375 0.36824324375 0.5945945953125 0.3875482625 0.5521235515625 0.433880309375 0.540540540625 0.4570463328125 0.54440154375 0.5226833984375 0.55598455625 0.5458494203125 0.55598455625 0.5612934359375
0 0.5945945953125 0.3759652515625 0.6138996140625 0.3759652515625 0.6332046328125001 0.36824324375 0.702702703125 0.3643822390625 0.7297297296874999 0.341216215625 0.7451737453125 0.3103281859375 0.7451737453125 0.26399613906249997 0.7297297296874999 0.2253861 0.7142857140625 0.20608108125000002 0.671814671875 0.1867760625 0.652509653125 0.1829150578125 0.6023166015625 0.1867760625 0.55598455625 0.2253861 0.54440154375 0.24855212343750002 0.540540540625 0.2987451734375 0.5482625484375 0.3296332046875 0.559845559375 0.3489382234375 0.5945945953125 0.3759652515625
0 0.40154440156250004 0.17519305000000002 0.409266409375 0.20222007656250002 0.4324324328125 0.24083011562499998 0.44787644843749996 0.25627413125 0.5366795359375 0.25627413125 0.5675675671875 0.209942084375 0.5945945953125 0.1867760625 0.5945945953125 0.15974903437500002 0.5791505796875 0.125 0.4131274125 0.125 0.40540540468749997 0.14816602343750002 0.40154440156250004 0.17519305000000002
0 0.16216216249999998 0.171332046875 0.166023165625 0.20222007656250002 0.20077219999999998 0.2331081078125 0.21235521249999997 0.2331081078125 0.21621621562499999 0.22924710468749998 0.29343629375 0.2331081078125 0.3127413125 0.221525096875 0.32432432499999997 0.20222007656250002 0.3204633203125 0.1867760625 0.308880309375 0.17519305000000002 0.28957528906249996 0.1365830109375 0.28957528906249996 0.125 0.19305019375000002 0.125 0.166023165625 0.15974903437500002 0.16216216249999998 0.171332046875
0 0.24324324375 0.36052123593749996 0.25482625468750003 0.402992278125 0.258687259375 0.40685328125 0.28185328125 0.40685328125 0.29343629375 0.3875482625 0.29343629375 0.37982625468750003 0.3204633203125 0.3489382234375 0.328185328125 0.3450772203125 0.328185328125 0.31805019375 0.308880309375 0.27557915 0.308880309375 0.260135134375 0.3011583015625 0.24855212343750002 0.28185328125 0.23696911250000002 0.2625482625 0.23696911250000002 0.258687259375 0.2331081078125 0.22007722031250002 0.2331081078125 0.2084942078125 0.23696911250000002 0.2046332046875 0.24083011562499998 0.21235521249999997 0.26399613906249997 0.2084942078125 0.321911196875 0.24324324375 0.36052123593749996
0 0.046332046875 0.7388996140625 0.084942084375 0.7582046328125001 0.1235521234375 0.7582046328125001 0.1583011578125 0.7427606171875001 0.18146718125 0.7234555984375 0.196911196875 0.684845559375 0.196911196875 0.650096525 0.1698841703125 0.61920849375 0.1544401546875 0.5728764484375 0.1196911203125 0.5612934359375 0.08880308906249999 0.5612934359375 0.0424710421875 0.58059845625 0.015444015624999998 0.6076254828125001 0.007722007812499999 0.63079150625 0.0115830109375 0.6887065640625 0.0231660234375 0.7195945953125 0.046332046875 0.7388996140625
0 0.23166023125000001 0.8701737453125 0.297297296875 0.8701737453125 0.308880309375 0.847007721875 0.3667953671875 0.7697876453125 0.3166023171875 0.7118725875 0.3127413125 0.6539575296875 0.28571428593750003 0.650096525 0.227799228125 0.6616795359375 0.2046332046875 0.68098455625 0.196911196875 0.6964285718750001 0.1853281859375 0.73117760625 0.1853281859375 0.7582046328125001 0.20077219999999998 0.8392857140625001 0.23166023125000001 0.8701737453125
0 0.7297297296874999 0.8315637062500001 0.702702703125 0.8122586875 0.6872586875 0.8045366796875 0.625482625 0.796814671875 0.5984555984375 0.7852316609375001 0.5637065640625 0.7852316609375001 0.5366795359375 0.816119690625 0.521235521875 0.8508687265624999 0.5173745171874999 0.8624517375 0.521235521875 0.8701737453125 0.741312740625 0.8701737453125 0.7297297296874999 0.8315637062500001
0 0.8803088796875 0.7427606171875001 0.8610038609374999 0.7736486484375 0.8571428578125 0.7890926640625 0.864864865625 0.796814671875 0.8918918921874999 0.8083976828124999 0.96911196875 0.8006756749999999 0.9845559843749999 0.7852316609375001 0.9845559843749999 0.765926640625 0.996138996875 0.7543436296875 0.996138996875 0.6423745171874999 0.9768339765625 0.6230694984375 0.9498069499999999 0.6153474906249999 0.8841698843750001 0.6153474906249999 0.8610038609374999 0.6230694984375 0.8571428578125 0.6385135140625 0.864864865625 0.646235521875 0.8764478765625 0.6771235515625 0.8803088796875 0.7427606171875001
0 0.8918918921874999 0.603764478125 0.9266409265625001 0.603764478125 0.953667953125 0.5921814671875001 0.9884169890625 0.5574324328125 0.9922779921875 0.514961390625 0.9845559843749999 0.4956563703125 0.9459459453125 0.453185328125 0.9227799234375 0.43774131250000003 0.9073359078125 0.43774131250000003 0.8841698843750001 0.4261583015625 0.8571428578125 0.4261583015625 0.8378378375000001 0.433880309375 0.8030888031250001 0.472490346875 0.7992277999999999 0.51882239375 0.8108108109375 0.5458494203125 0.86872586875 0.5960424703125 0.8918918921874999 0.603764478125
0 0.8725868718750001 0.41843629375 0.915057915625 0.433880309375 0.9575289578125 0.433880309375 0.996138996875 0.41843629375 0.996138996875 0.26399613906249997 0.96911196875 0.24083011562499998 0.953667953125 0.2331081078125 0.8957528953124999 0.23696911250000002 0.8571428578125 0.26399613906249997 0.833976834375 0.30646718125 0.8301158296875 0.3450772203125 0.8378378375000001 0.36824324375 0.8532818531249999 0.3991312734375 0.8725868718750001 0.41843629375
0 0.44787644843749996 0.44932432499999997 0.47104247031249996 0.4570463328125 0.5328185328124999 0.453185328125 0.5830115828125 0.3875482625 0.5791505796875 0.372104246875 0.5521235515625 0.3450772203125 0.5366795359375 0.30646718125 0.5366795359375 0.26399613906249997 0.525096525 0.260135134375 0.46332046406250005 0.26399613906249997 0.43629343593750003 0.2794401546875 0.4131274125 0.30646718125 0.40154440156250004 0.3296332046875 0.40154440156250004 0.3759652515625 0.428571428125 0.4300193046875 0.44787644843749996 0.44932432499999997
0 0.7258687265625 0.3875482625 0.7374517375 0.3914092671875 0.7606177609375 0.41843629375 0.7799227796875 0.4647683390625 0.7953667953125 0.4647683390625 0.8378378375000001 0.4300193046875 0.8494208499999999 0.4145752890625 0.8494208499999999 0.3991312734375 0.8262548265625 0.352799228125 0.8262548265625 0.31805019375 0.833976834375 0.2871621625 0.7490347484375001 0.24855212343750002 0.7490347484375001 0.3103281859375 0.7335907328125 0.341216215625 0.70656370625 0.36824324375 0.7258687265625 0.3875482625
0 0.4131274125 0.51882239375 0.459459459375 0.46862934375 0.459459459375 0.46090733593750005 0.44015444062500003 0.44932432499999997 0.4169884171875 0.41843629375 0.3976833984375 0.37982625468750003 0.3976833984375 0.3450772203125 0.389961390625 0.3334942078125 0.3552123546875 0.3334942078125 0.33204633281249996 0.3450772203125 0.3050193046875 0.372104246875 0.28571428593750003 0.41071428593750003 0.28185328125 0.4261583015625 0.29343629375 0.4647683390625 0.3706563703125 0.5226833984375 0.4131274125 0.51882239375
0 0.5289575296875 0.7388996140625 0.5482625484375 0.7582046328125001 0.5637065640625 0.765926640625 0.6023166015625 0.7736486484375 0.6216216218749999 0.7736486484375 0.6447876453125 0.765926640625 0.65637065625 0.7543436296875 0.652509653125 0.6964285718750001 0.6795366796875 0.6269305015625 0.675675675 0.6230694984375 0.6447876453125 0.6230694984375 0.6293436296875 0.6153474906249999 0.6177606171875001 0.6153474906249999 0.5945945953125 0.603764478125 0.5714285718750001 0.584459459375 0.5521235515625 0.5883204640625 0.54440154375 0.5960424703125 0.5521235515625 0.6153474906249999 0.5482625484375 0.6771235515625 0.525096525 0.7273166015625 0.5289575296875 0.7388996140625
0 0.76833976875 0.5960424703125 0.7722007718749999 0.599903475 0.8108108109375 0.599903475 0.8146718140625 0.5883204640625 0.8146718140625 0.565154440625 0.8108108109375 0.5574324328125 0.783783784375 0.534266409375 0.7760617765625 0.534266409375 0.76833976875 0.5419884171875 0.7567567562499999 0.565154440625 0.7374517375 0.5883204640625 0.7374517375 0.5960424703125 0.76833976875 0.5960424703125
0 0.459459459375 0.5381274125 0.47104247031249996 0.5381274125 0.50579150625 0.5535714281249999 0.540540540625 0.58059845625 0.55598455625 0.5728764484375 0.5482625484375 0.5535714281249999 0.5366795359375 0.46862934375 0.5328185328124999 0.4647683390625 0.5173745171874999 0.4647683390625 0.5135135140625 0.46090733593750005 0.47490347499999996 0.4647683390625 0.44787644843749996 0.4802123546875 0.42084942031250006 0.5111003859375 0.4169884171875 0.51882239375 0.4169884171875 0.534266409375 0.45559845625 0.534266409375 0.459459459375 0.5381274125
0 0.2046332046875 0.650096525 0.23166023125000001 0.6539575296875 0.3011583015625 0.6423745171874999 0.3166023171875 0.6269305015625 0.32432432499999997 0.5960424703125 0.347490346875 0.565154440625 0.3667953671875 0.549710425 0.3667953671875 0.534266409375 0.328185328125 0.4917953671875 0.3050193046875 0.4802123546875 0.28957528906249996 0.4802123546875 0.22393822343749997 0.48407335937499996 0.20077219999999998 0.4956563703125 0.17760617812499999 0.51882239375 0.166023165625 0.5458494203125 0.16216216249999998 0.56901544375 0.166023165625 0.599903475 0.1737451734375 0.6153474906249999 0.2046332046875 0.650096525