0 0.2122282609375 0.188405796875 0.21947463749999999 0.17391304375 0.2665760875 0.1413043484375 0.306431159375 0.12681159375 0.3499094203125 0.12681159375 0.35353260937500003 0.11956521718749999 0.3499094203125 0.0978260875 0.3245471015625 0.061594203125000004 0.3028079703125 0.04710145 0.270199275 0.036231884375 0.233967390625 0.036231884375 0.2122282609375 0.04710145 0.19411231874999998 0.061594203125000004 0.1759963765625 0.0978260875 0.17237318906250002 0.1521739125 0.1868659421875 0.1811594203125 0.2013586953125 0.19565217343750002 0.2122282609375 0.188405796875
0 0.270199275 0.34420289843749996 0.2991847828125 0.351449275 0.3499094203125 0.34420289843749996 0.3752717390625 0.3297101453125 0.4006340578125 0.30434782656250003 0.41875 0.27173912968749997 0.42237318906250004 0.2210144921875 0.4115036234375 0.188405796875 0.3861413046875 0.15579710156249998 0.34628623125 0.1304347828125 0.3028079703125 0.1304347828125 0.259329709375 0.14492753593750002 0.22309782656250002 0.17391304375 0.20860507187500002 0.1992753625 0.20498188437499998 0.23188405781250002 0.22309782656250002 0.2934782609375 0.23759057968750003 0.3188405796875 0.270199275 0.34420289843749996
0 0.4259963765625 0.21376811562500003 0.42961956562500003 0.25 0.44048912968750004 0.2572463765625 0.505706521875 0.2536231890625 0.5383152171875001 0.184782609375 0.5600543484375 0.15942029062500002 0.5600543484375 0.1413043484375 0.5528079703125 0.12681159375 0.5238224640625 0.0942028984375 0.49483695625 0.07971014531250001 0.4694746375 0.07971014531250001 0.4006340578125 0.101449275 0.3680253625 0.1340579703125 0.39338768125 0.15579710156249998 0.4115036234375 0.1811594203125 0.4259963765625 0.21376811562500003
0 0.5745471015625 0.148550725 0.59628623125 0.137681159375 0.6506340578125 0.137681159375 0.6651268109374999 0.1413043484375 0.64338768125 0.0978260875 0.6107789859375 0.0942028984375 0.5890398546875 0.101449275 0.5709239125 0.1159420296875 0.5673007250000001 0.1159420296875 0.5600543484375 0.12318840625000001 0.5600543484375 0.137681159375 0.5673007250000001 0.148550725 0.5745471015625 0.148550725
0 0.7122282609374999 0 0.6723731890625 0.02536231875 0.6542572468750001 0.061594203125000004 0.6506340578125 0.0942028984375 0.6651268109374999 0.12681159375 0.6904891296875 0.15579710156249998 0.7230978265625 0.1702898546875 0.7665760875000001 0.1702898546875 0.79193840625 0.163043478125 0.828170290625 0.12681159375 0.828170290625 0 0.7122282609374999 0
0 0.603532609375 0.3586956515625 0.6542572468750001 0.3478260875 0.6977355078125 0.3297101453125 0.71585145 0.3007246375 0.7267210140625 0.2572463765625 0.7267210140625 0.23188405781250002 0.7122282609374999 0.20289855 0.6615036234375 0.14492753593750002 0.6397644921875 0.137681159375 0.5999094203124999 0.1413043484375 0.5636775359375 0.15942029062500002 0.54556159375 0.1811594203125 0.520199275 0.23188405781250002 0.5165760875000001 0.264492753125 0.5238224640625 0.2789855078125 0.5528079703125 0.315217390625 0.603532609375 0.3586956515625
0 0.7194746375000001 0.29710145 0.7194746375000001 0.3297101453125 0.7230978265625 0.336956521875 0.7375905796875 0.3478260875 0.7629528984375 0.3550724640625 0.8028079703125 0.3586956515625 0.806431159375 0.362318840625 0.828170290625 0.3586956515625 0.828170290625 0.1702898546875 0.8136775359374999 0.1702898546875 0.8100543484375 0.1666666671875 0.806431159375 0.1702898546875 0.7846920296875 0.1702898546875 0.74483695625 0.184782609375 0.7230978265625 0.1992753625 0.7194746375000001 0.210144928125 0.730344203125 0.24637681093750002 0.7267210140625 0.2826086953125 0.7194746375000001 0.29710145
0 0.6977355078125 0.52536231875 0.7122282609374999 0.5326086953125 0.7629528984375 0.510869565625 0.8136775359374999 0.5072463765624999 0.828170290625 0.510869565625 0.828170290625 0.37318840625 0.759329709375 0.3586956515625 0.730344203125 0.3586956515625 0.704981884375 0.3695652171875 0.679619565625 0.4021739125 0.6723731890625 0.42391304375 0.6723731890625 0.4456521734375 0.6904891296875 0.489130434375 0.6977355078125 0.52536231875
0 0.6506340578125 0.42028985468749996 0.657880434375 0.4166666671875 0.6723731890625 0.4021739125 0.69411231875 0.37318840625 0.69411231875 0.3695652171875 0.7013586953125001 0.362318840625 0.708605071875 0.340579709375 0.704981884375 0.336956521875 0.6832427531249999 0.336956521875 0.6144021734375 0.3586956515625 0.607155796875 0.362318840625 0.632518115625 0.413043478125 0.64338768125 0.42028985468749996 0.6506340578125 0.42028985468749996
0 0.39701087031250004 0.3840579703125 0.44411231874999996 0.3478260875 0.4767210140625 0.3333333328125 0.5528079703125 0.32608695625 0.5528079703125 0.32246376875 0.505706521875 0.264492753125 0.48034420312500004 0.2572463765625 0.4767210140625 0.260869565625 0.454981884375 0.260869565625 0.43324275312499994 0.27173912968749997 0.4151268109375 0.28985507187500004 0.4006340578125 0.3188405796875 0.3897644921875 0.32608695625 0.38251811562500004 0.340579709375 0.38251811562500004 0.351449275 0.39338768125 0.3840579703125 0.39701087031250004 0.3840579703125
0 0.4151268109375 0.5579710140625 0.454981884375 0.586956521875 0.49121376874999995 0.5942028984375 0.5745471015625 0.565217390625 0.59628623125 0.539855071875 0.607155796875 0.5036231890625 0.62164855 0.489130434375 0.628894928125 0.4456521734375 0.62164855 0.3949275359375 0.5999094203124999 0.362318840625 0.5528079703125 0.3333333328125 0.5020833328125 0.3297101453125 0.4694746375 0.340579709375 0.41875 0.3695652171875 0.3861413046875 0.40942029062499996 0.378894928125 0.4311594203125 0.378894928125 0.4927536234375 0.3897644921875 0.52536231875 0.4151268109375 0.5579710140625
0 0.2883152171875 0.434782609375 0.306431159375 0.434782609375 0.3245471015625 0.4456521734375 0.33903985468750003 0.4492753625 0.3644021734375 0.46739130468749995 0.37164855 0.46739130468749995 0.37164855 0.4420289859375 0.3752717390625 0.438405796875 0.378894928125 0.413043478125 0.3897644921875 0.3949275359375 0.3897644921875 0.3840579703125 0.38251811562500004 0.3695652171875 0.3499094203125 0.3550724640625 0.317300725 0.3550724640625 0.31367753593750003 0.3586956515625 0.2846920296875 0.3550724640625 0.24121376875 0.3804347828125 0.22309782656250002 0.40942029062499996 0.21947463749999999 0.4456521734375 0.259329709375 0.42753623125000006 0.2774456515625 0.42753623125000006 0.2883152171875 0.434782609375
0 0.1868659421875 0.4021739125 0.20498188437499998 0.398550725 0.2267210140625 0.3840579703125 0.233967390625 0.37681159375 0.2520833328125 0.340579709375 0.23034420312499998 0.315217390625 0.20860507187500002 0.2681159421875 0.2013586953125 0.2210144921875 0.1904891296875 0.2173913046875 0.16875 0.2173913046875 0.16875 0.398550725 0.183242753125 0.398550725 0.1868659421875 0.4021739125
0 0.1977355078125 0.46376811562500003 0.2013586953125 0.46376811562500003 0.20860507187500002 0.45652173906250004 0.20860507187500002 0.4311594203125 0.20498188437499998 0.42391304375 0.19411231874999998 0.413043478125 0.1904891296875 0.413043478125 0.1759963765625 0.4021739125 0.16875 0.4021739125 0.16875 0.510869565625 0.183242753125 0.4818840578125 0.1977355078125 0.46376811562500003
0 0.19411231874999998 0.6920289859375 0.19411231874999998 0.6268115937500001 0.179619565625 0.590579709375 0.16875 0.5797101453125 0.16875 0.7318840578125 0.1868659421875 0.710144928125 0.19411231874999998 0.6920289859375
0 0.2267210140625 0.6340579703125 0.255706521875 0.6449275359375 0.2846920296875 0.6449275359375 0.34266304375 0.6304347828125 0.37164855 0.6086956515625 0.3897644921875 0.565217390625 0.3861413046875 0.5217391296875 0.37164855 0.4782608703125 0.33903985468750003 0.45289855 0.2774456515625 0.4311594203125 0.2484601453125 0.434782609375 0.2122282609375 0.45652173906250004 0.179619565625 0.49637681093749997 0.16875 0.5181159421875 0.16875 0.565217390625 0.19411231874999998 0.6086956515625 0.2267210140625 0.6340579703125
0 0.632518115625 0.5942028984375 0.6470108703124999 0.5942028984375 0.6651268109374999 0.586956521875 0.6832427531249999 0.5579710140625 0.6868659421875 0.54710145 0.6868659421875 0.5 0.6723731890625 0.45652173906250004 0.6506340578125 0.434782609375 0.6397644921875 0.4311594203125 0.632518115625 0.434782609375 0.628894928125 0.4818840578125 0.581793478125 0.5724637687499999 0.5854166671875001 0.5797101453125 0.632518115625 0.5942028984375
0 0.407880434375 0.6521739125 0.43686594218749997 0.6775362312500001 0.44048912968750004 0.6702898546875 0.44048912968750004 0.6521739125 0.4477355078125 0.637681159375 0.4767210140625 0.601449275 0.454981884375 0.590579709375 0.40425724687500003 0.5543478265624999 0.4006340578125 0.5543478265624999 0.39338768125 0.565217390625 0.378894928125 0.6050724640625 0.3680253625 0.6195652171875 0.3680253625 0.6340579703125 0.407880434375 0.6521739125
0 0.5238224640625 0.8115942031250001 0.5999094203124999 0.8115942031250001 0.6252717390625 0.79710145 0.6723731890625 0.75 0.6832427531249999 0.7282608703125 0.6868659421875 0.6920289859375 0.679619565625 0.6557971015625 0.6615036234375 0.6231884062499999 0.62164855 0.5942028984375 0.54193840625 0.586956521875 0.5020833328125 0.5978260875 0.48034420312500004 0.6086956515625 0.4477355078125 0.648550725 0.44411231874999996 0.6884057968749999 0.46222826093749997 0.7463768109375 0.4767210140625 0.7717391296875 0.5238224640625 0.8115942031250001
0 0.704981884375 0.75 0.730344203125 0.7717391296875 0.7484601453125 0.7789855078125 0.828170290625 0.77536231875 0.828170290625 0.5181159421875 0.79556159375 0.510869565625 0.7484601453125 0.5181159421875 0.7194746375000001 0.536231884375 0.679619565625 0.5833333328125 0.66875 0.6050724640625 0.66875 0.6268115937500001 0.6832427531249999 0.659420290625 0.704981884375 0.75
0 0.7665760875000001 0.9565217390624999 0.828170290625 0.9710144921874999 0.828170290625 0.789855071875 0.8100543484375 0.786231884375 0.7484601453125 0.789855071875 0.7194746375000001 0.8079710140625 0.6904891296875 0.8405797093749999 0.6868659421875 0.8550724640625 0.7267210140625 0.887681159375 0.755706521875 0.9311594203125001 0.7665760875000001 0.9565217390624999
0 0.755706521875 0.9420289859375 0.730344203125 0.9021739125 0.6868659421875 0.862318840625 0.6506340578125 0.851449275 0.6107789859375 0.8586956515624999 0.581793478125 0.87318840625 0.5528079703125 0.9021739125 0.5310688406249999 0.9456521734375001 0.5274456515625 0.9963768109375 0.7629528984375 0.9963768109375 0.7665760875000001 0.989130434375 0.755706521875 0.9420289859375
0 0.520199275 0.9963768109375 0.5274456515625 0.9420289859375 0.5491847828124999 0.898550725 0.5745471015625 0.87318840625 0.603532609375 0.8550724640625 0.64338768125 0.8478260875 0.632518115625 0.8333333328125001 0.607155796875 0.8188405796874999 0.5383152171875001 0.8224637687499999 0.5238224640625 0.8152173906250001 0.505706521875 0.8152173906250001 0.458605071875 0.8369565218749999 0.44411231874999996 0.8478260875 0.43324275312499994 0.8695652171875 0.4259963765625 0.8913043484375001 0.4259963765625 0.9275362312500001 0.458605071875 0.9927536234375 0.520199275 0.9963768109375
0 0.2991847828125 0.851449275 0.3644021734375 0.8659420296875 0.39701087031250004 0.862318840625 0.43324275312499994 0.8297101453125 0.4477355078125 0.8043478265624999 0.454981884375 0.77536231875 0.45135869531250006 0.7210144921875 0.43324275312499994 0.6811594203125 0.39701087031250004 0.648550725 0.3680253625 0.637681159375 0.3245471015625 0.637681159375 0.2846920296875 0.648550725 0.270199275 0.6557971015625 0.22309782656250002 0.710144928125 0.21947463749999999 0.7572463765624999 0.233967390625 0.7934782609375 0.26295289843749997 0.82608695625 0.2991847828125 0.851449275
0 0.42961956562500003 0.9963768109375 0.43324275312499994 0.9927536234375 0.42237318906250004 0.9420289859375 0.40425724687500003 0.9094202906250001 0.3897644921875 0.8949275359375 0.33903985468750003 0.8659420296875 0.328170290625 0.862318840625 0.26295289843749997 0.8659420296875 0.23034420312499998 0.8804347828125 0.2013586953125 0.9094202906250001 0.19411231874999998 0.9347826093749999 0.22309782656250002 0.9710144921874999 0.233967390625 0.9963768109375 0.42961956562500003 0.9963768109375
0 0.1868659421875 0.9202898546875 0.2122282609375 0.8804347828125 0.2122282609375 0.8333333328125001 0.20860507187500002 0.8297101453125 0.20860507187500002 0.8188405796874999 0.1977355078125 0.8043478265624999 0.1904891296875 0.786231884375 0.17237318906250002 0.7681159421875 0.16875 0.7681159421875 0.16875 0.9202898546875 0.179619565625 0.92391304375 0.1868659421875 0.9202898546875
0 0.22309782656250002 0.9782608703125 0.20498188437499998 0.9565217390624999 0.20498188437499998 0.9528985499999999 0.17237318906250002 0.9275362312500001 0.16875 0.9275362312500001 0.16875 0.9963768109375 0.23034420312499998 0.9963768109375 0.22309782656250002 0.9782608703125