0 0.604 0.5153125000000001 0.632 0.5233125000000001 0.6559999999999999 0.5233125000000001 0.704 0.5073125 0.728 0.4833125 0.744 0.45531249999999995 0.748 0.41931250000000003 0.74 0.3993125 0.648 0.3273125 0.6 0.3233125 0.584 0.3313125 0.5559999999999999 0.35531250000000003 0.544 0.3833125 0.54 0.4033125 0.544 0.45931249999999996 0.572 0.4993125 0.604 0.5153125000000001
0 0.124 0.45131249999999995 0.156 0.45531249999999995 0.22400000000000003 0.42331250000000004 0.236 0.42331250000000004 0.264 0.3993125 0.272 0.3833125 0.27599999999999997 0.3513125 0.26 0.3033125 0.236 0.27531249999999996 0.20400000000000001 0.2553125 0.10400000000000001 0.2633125 0.08399999999999999 0.27931249999999996 0.068 0.3033125 0.06 0.3273125 0.064 0.3913125 0.08399999999999999 0.42731250000000004 0.124 0.45131249999999995
0 0.32 0.3953125 0.344 0.4033125 0.36 0.4033125 0.42400000000000004 0.36331250000000004 0.43200000000000005 0.3393125 0.42800000000000005 0.2993125 0.4 0.2633125 0.368 0.2433125 0.344 0.23531249999999998 0.32799999999999996 0.23531249999999998 0.304 0.2473125 0.272 0.28331249999999997 0.268 0.3033125 0.284 0.36331250000000004 0.296 0.3793125 0.32 0.3953125
0 0.476 0.35531250000000003 0.504 0.3713125 0.544 0.3753125 0.5519999999999999 0.35531250000000003 0.584 0.3233125 0.596 0.3193125 0.644 0.3233125 0.6559999999999999 0.3033125 0.6559999999999999 0.22731249999999997 0.644 0.1953125 0.62 0.1753125 0.5519999999999999 0.1753125 0.536 0.1833125 0.504 0.1833125 0.46399999999999997 0.21131250000000001 0.44400000000000006 0.23131249999999998 0.44000000000000006 0.2433125 0.43600000000000005 0.27531249999999996 0.44400000000000006 0.3113125 0.45599999999999996 0.3353125 0.476 0.35531250000000003
0 0.3 0.1593125 0.324 0.1953125 0.356 0.21931250000000002 0.41600000000000004 0.22731249999999997 0.44800000000000006 0.21931250000000002 0.5 0.1753125 0.524 0.1313125 0.524 0.0953125 0.292 0.0953125 0.292 0.1233125 0.3 0.1593125
0 0.10800000000000001 0.1273125 0.10800000000000001 0.1593125 0.11599999999999999 0.1833125 0.13999999999999999 0.21531250000000002 0.16799999999999998 0.23131249999999998 0.22400000000000003 0.23531249999999998 0.252 0.22331249999999997 0.27599999999999997 0.1993125 0.292 0.1633125 0.288 0.1113125 0.27999999999999997 0.0953125 0.124 0.0953125 0.11200000000000002 0.1153125 0.10800000000000001 0.1273125
0 0.752 0.3953125 0.792 0.3913125 0.828 0.3753125 0.868 0.3433125 0.884 0.3153125 0.892 0.28331249999999997 0.8880000000000001 0.2433125 0.8640000000000001 0.2073125 0.8480000000000001 0.1913125 0.8 0.1713125 0.756 0.1713125 0.728 0.1833125 0.6759999999999999 0.23131249999999998 0.6639999999999999 0.2513125 0.6599999999999999 0.3033125 0.6679999999999999 0.3313125 0.692 0.35531250000000003 0.752 0.3953125
0 0.756 0.1393125 0.776 0.1633125 0.792 0.1633125 0.8400000000000001 0.1833125 0.876 0.1833125 0.9279999999999999 0.1593125 0.9560000000000001 0.1313125 0.968 0.0953125 0.744 0.0953125 0.744 0.1073125 0.756 0.1393125
0 0.732 0.5913125 0.756 0.6153125 0.796 0.6273125 0.828 0.6273125 0.884 0.5993125 0.916 0.5673125 0.924 0.5433125000000001 0.924 0.47531249999999997 0.9199999999999999 0.46331249999999996 0.9039999999999999 0.44731249999999995 0.8480000000000001 0.42331250000000004 0.772 0.42731250000000004 0.752 0.44331250000000005 0.74 0.47531249999999997 0.712 0.5073125 0.712 0.5393125000000001 0.732 0.5913125
0 0.9199999999999999 0.8393124999999999 0.96 0.8393124999999999 0.9960000000000001 0.8233124999999999 0.9960000000000001 0.6233125 0.9400000000000001 0.5993125 0.8960000000000001 0.5993125 0.8480000000000001 0.6233125 0.8 0.6833125 0.796 0.7313125 0.8039999999999999 0.7673125 0.8560000000000001 0.8233124999999999 0.9199999999999999 0.8393124999999999
0 0.7 0.8313124999999999 0.696 0.7953125 0.6839999999999999 0.7673125 0.6679999999999999 0.7473124999999999 0.636 0.7233125 0.62 0.7193125 0.568 0.7193125 0.548 0.7273125 0.512 0.7593125 0.492 0.7953125 0.488 0.8233124999999999 0.496 0.8393124999999999 0.696 0.8393124999999999 0.7 0.8313124999999999
0 0.38 0.8033125 0.41600000000000004 0.8073124999999999 0.44800000000000006 0.7993125 0.484 0.7793125 0.508 0.7433125 0.516 0.7113125 0.508 0.6593125 0.488 0.6193125 0.44400000000000006 0.5913125 0.43200000000000005 0.5873125 0.368 0.5913125 0.344 0.6113125 0.312 0.6593125 0.308 0.7193125 0.316 0.7433125 0.348 0.7833125 0.38 0.8033125
0 0.20800000000000002 0.6833125 0.244 0.6793125 0.288 0.6633125 0.32799999999999996 0.6313125 0.344 0.5993125 0.344 0.5593125 0.33599999999999997 0.5273125000000001 0.316 0.4953125 0.284 0.46331249999999996 0.272 0.45931249999999996 0.236 0.45531249999999995 0.20400000000000001 0.46331249999999996 0.11599999999999999 0.5473125 0.11200000000000002 0.5913125 0.132 0.6273125 0.172 0.6673125 0.20800000000000002 0.6833125
0 0 0.6633125 0.024 0.6593125 0.068 0.6353125000000001 0.1 0.5953125 0.1 0.5473125 0.096 0.5353125000000001 0.072 0.4993125 0.052000000000000005 0.4833125 0.04 0.4793125 0 0.4793125 0 0.6633125
0 0 0.8393124999999999 0.16799999999999998 0.8393124999999999 0.184 0.8313124999999999 0.2 0.7873125 0.196 0.7113125 0.184 0.6833125 0.136 0.6393125000000001 0.076 0.6353125000000001 0.06 0.6473125 0.004 0.6713125 0 0.6753125 0 0.8393124999999999
0 0.5599999999999999 0.6673125 0.6 0.6673125 0.62 0.6593125 0.6559999999999999 0.6273125 0.6639999999999999 0.6113125 0.6679999999999999 0.5993125 0.6639999999999999 0.5473125 0.6559999999999999 0.5393125000000001 0.564 0.4993125 0.544 0.5033125 0.516 0.5313125000000001 0.504 0.5513125 0.5 0.5953125 0.508 0.6233125 0.528 0.6473125 0.5599999999999999 0.6673125
0 0.708 0.8113125 0.704 0.8193125 0.712 0.8273125 0.72 0.8193125 0.744 0.8193125 0.752 0.7993125 0.792 0.7593125 0.792 0.7139805 0.8160000000000001 0.6393125000000001 0.752 0.6193125 0.716 0.5833125 0.6839999999999999 0.5833125 0.6599999999999999 0.6273125 0.632 0.6553125 0.612 0.6673125 0.572 0.6753125 0.572 0.7113125 0.606 0.7153125 0.6839999999999999 0.7593125 0.708 0.8113125
0 0.384 0.5433125000000001 0.40800000000000003 0.5553125 0.472 0.5593125 0.492 0.5513125 0.504 0.5433125000000001 0.536 0.4993125 0.54 0.46331249999999996 0.532 0.4033125 0.52 0.3913125 0.472 0.3753125 0.42000000000000004 0.3753125 0.384 0.3913125 0.36 0.4113125 0.352 0.42731250000000004 0.348 0.46331249999999996 0.364 0.5033125 0.364 0.5153125000000001 0.384 0.5433125000000001
3 0.384 0.5433125000000001 0.40800000000000003 0.5553125 0.44800000000000006 0.5633125 0.492 0.5513125 0.5 0.5473125 0.536 0.4993125 0.54 0.46331249999999996 0.536 0.45931249999999996 0.532 0.3993125 0.524 0.3913125 0.476 0.3753125 0.42000000000000004 0.3753125 0.384 0.3913125 0.364 0.4073125 0.352 0.43131250000000004 0.352 0.45531249999999995 0.348 0.45931249999999996 0.364 0.5153125000000001 0.384 0.5433125000000001