0 0.2545454546875 0.5199147734375 0.2545454546875 0.5453693187499999 0.25818181875 0.5490056812499999 0.2654545453125 0.5490056812499999 0.27999999999999997 0.5344602265625 0.27999999999999997 0.50900568125 0.2763636359375 0.5017329546875 0.27272727343750003 0.5017329546875 0.25818181875 0.4908238640625 0.2363636359375 0.4908238640625 0.22909090937499998 0.4944602265625 0.2254545453125 0.498096590625 0.2254545453125 0.50900568125 0.24727272656250002 0.5126420453125 0.2545454546875 0.5199147734375
0 0.1672727265625 0.5417329546875 0.17090909062499998 0.5344602265625 0.1927272734375 0.5308238640625 0.2072727265625 0.5199147734375 0.21090909062500002 0.5126420453125 0.21090909062500002 0.50536931875 0.2036363640625 0.498096590625 0.1745454546875 0.48355113593750004 0.1672727265625 0.48355113593750004 0.1527272734375 0.4944602265625 0.1527272734375 0.498096590625 0.1454545453125 0.50536931875 0.1454545453125 0.5271874999999999 0.1672727265625 0.5417329546875
0 0.7054545453125 0.38536931874999997 0.709090909375 0.38900568125 0.7345454546875 0.38900568125 0.73818181875 0.3926420453125 0.7454545453125 0.38900568125 0.7454545453125 0.3708238640625 0.7345454546875 0.356278409375 0.7272727265625 0.3526420453125 0.7054545453125 0.3526420453125 0.6945454546875001 0.3635511359375 0.6945454546875001 0.378096590625 0.690909090625 0.3817329546875 0.690909090625 0.38900568125 0.7054545453125 0.38536931874999997
0 0.7963636359375 0.418096590625 0.8 0.4217329546875 0.8072727265624999 0.41446022656250003 0.8072727265624999 0.40355113593749997 0.8109090906249999 0.39991477343750004 0.8036363640624999 0.3817329546875 0.789090909375 0.3744602265625 0.7636363640625 0.3744602265625 0.749090909375 0.38536931874999997 0.7454545453125 0.40718750000000004 0.76 0.41446022656250003 0.76 0.418096590625 0.7963636359375 0.418096590625
0 0.54181818125 0.618096590625 0.5709090906250001 0.618096590625 0.57818181875 0.62536931875 0.5890909093750001 0.62536931875 0.5963636359375 0.618096590625 0.6 0.6071875 0.6 0.5926420453125 0.5963636359375 0.5817329546875001 0.58181818125 0.5708238640625 0.5563636359374999 0.5708238640625 0.549090909375 0.5744602265625 0.5345454546874999 0.58900568125 0.5345454546874999 0.6071875 0.53818181875 0.6144602265625 0.54181818125 0.618096590625
0 0.610909090625 0.62536931875 0.6145454546875 0.62900568125 0.6363636359375 0.62900568125 0.6436363640625 0.62536931875 0.650909090625 0.6071875 0.6472727265625 0.596278409375 0.6327272734375 0.5817329546875001 0.6036363640625 0.5817329546875001 0.6036363640625 0.6071875 0.6 0.6108238640625 0.6 0.62536931875 0.610909090625 0.62536931875
0 0.49818181875 0.5999147734375 0.509090909375 0.5999147734375 0.5163636359375 0.6035511359375 0.5236363640625 0.596278409375 0.5272727265625 0.596278409375 0.5272727265625 0.5926420453125 0.549090909375 0.5671875 0.5527272734374999 0.5671875 0.5527272734374999 0.5635511359375001 0.54181818125 0.5599147734375001 0.53818181875 0.5490056812499999 0.530909090625 0.5453693187499999 0.50181818125 0.5453693187499999 0.49090909062500004 0.5490056812499999 0.48 0.5599147734375001 0.48 0.5744602265625 0.4872727265625 0.58900568125 0.49818181875 0.5999147734375
0 0.57818181875 0.5671875 0.57818181875 0.5526420453124999 0.5527272734374999 0.5308238640625 0.5345454546874999 0.5308238640625 0.5272727265625 0.5344602265625 0.5236363640625 0.5417329546875 0.5563636359374999 0.5526420453124999 0.5672727265625 0.5635511359375001 0.57818181875 0.5671875
0 0.4654545453125 0.6217329546875 0.48 0.6144602265625 0.4872727265625 0.5926420453125 0.4836363640625 0.5817329546875001 0.4727272734375 0.5708238640625 0.4727272734375 0.5671875 0.45454545468749996 0.5599147734375001 0.4436363640625 0.5599147734375001 0.43636363593749994 0.5635511359375001 0.429090909375 0.5744602265625 0.4254545453125 0.58536931875 0.4254545453125 0.6071875 0.45818181874999997 0.6217329546875 0.4654545453125 0.6217329546875
0 0.5236363640625 0.62900568125 0.5236363640625 0.6144602265625 0.5163636359375 0.6071875 0.4945454546875 0.6071875 0.4872727265625 0.6108238640625 0.4763636359375 0.6217329546875 0.4654545453125 0.62536931875 0.46909090937500003 0.62900568125 0.5236363640625 0.62900568125
0 0.429090909375 0.5671875 0.410909090625 0.5526420453124999 0.3963636359375 0.5526420453124999 0.39272727343749997 0.5562784093750001 0.3854545453125 0.5817329546875001 0.4036363640625 0.5817329546875001 0.41818181875000004 0.58536931875 0.429090909375 0.5671875