0 0.597785978125 0.484663284375 0.6236162359375 0.49573339531249994 0.6457564578125 0.49573339531249994 0.6715867156249999 0.484663284375 0.6863468640625 0.4699031359375 0.6937269374999999 0.447762915625 0.6937269374999999 0.41455258281249996 0.6826568265625 0.388722325 0.6642066421874999 0.37027214062499997 0.6457564578125 0.3628920671875 0.6199262 0.3628920671875 0.6088560890625 0.366582103125 0.5904059046875 0.3776522140625 0.5682656828125 0.403482471875 0.5645756453125 0.41086254687499996 0.5645756453125 0.440382840625 0.5682656828125 0.4514529515625 0.597785978125 0.484663284375
0 0.42066420625 0.558464021875 0.4686346859375 0.562154059375 0.49815498125 0.5510839484375001 0.5276752765625 0.5215636531250001 0.5387453875 0.50311346875 0.5424354250000001 0.4699031359375 0.5313653140625 0.4330027671875 0.50184501875 0.403482471875 0.479704796875 0.3924123609375 0.4169741703125 0.3961023984375 0.387453875 0.40717250937499994 0.3726937265625 0.42562269375 0.36531365312499997 0.44407287812499996 0.369003690625 0.49573339531249994 0.387453875 0.5289437265625 0.42066420625 0.558464021875
0 0.21402214062499997 0.5510839484375001 0.2250922515625 0.5547739859374999 0.247232471875 0.5547739859374999 0.284132840625 0.5400138375 0.2988929890625 0.5289437265625 0.30258302656249997 0.5215636531250001 0.30627306249999997 0.480973246875 0.2988929890625 0.4625230625 0.291512915625 0.4514529515625 0.25830258281249996 0.4330027671875 0.247232471875 0.42931273125 0.2214022140625 0.42931273125 0.19926199218750001 0.440382840625 0.1808118078125 0.46621309999999994 0.177121771875 0.4772832109375 0.177121771875 0.5215636531250001 0.18819188125 0.5363238 0.21402214062499997 0.5510839484375001
0 0.2952029515625 0.6654750921875 0.3136531359375 0.680235240625 0.33579335781249997 0.6876153140625 0.361623615625 0.6839252765625 0.37638376406249996 0.676545203125 0.4132841328125 0.635954796875 0.4095940953125 0.595364390625 0.402214021875 0.5806042437500001 0.3726937265625 0.5547739859374999 0.31734317343749996 0.5510839484375001 0.3099631 0.5547739859374999 0.284132840625 0.5842942796874999 0.27675276718749997 0.6027444656250001 0.27675276718749997 0.632264759375 0.284132840625 0.6507149453125 0.2952029515625 0.6654750921875
0 0.442804428125 0.680235240625 0.4723247234375 0.7023754609374999 0.483394834375 0.7060654984375 0.523985240625 0.7023754609374999 0.5387453875 0.69130535 0.5645756453125 0.6617850546875 0.560885609375 0.599054428125 0.5535055343749999 0.5842942796874999 0.5313653140625 0.5695341328125 0.5129151296875001 0.5695341328125 0.5092250921875 0.5658440953125 0.483394834375 0.5658440953125 0.4723247234375 0.5695341328125 0.457564575 0.57691420625 0.43542435468749996 0.599054428125 0.4280442796875 0.6138145749999999 0.4280442796875 0.6248846859375 0.42435424375 0.6285747234375 0.4280442796875 0.65440498125 0.442804428125 0.680235240625
0 0.5867158671875 0.6285747234375 0.6199262 0.676545203125 0.6605166046875001 0.6876153140625 0.7011070109374999 0.680235240625 0.72693726875 0.6617850546875 0.7232472328124999 0.6433348703124999 0.745387453125 0.6248846859375 0.7527675281249999 0.6027444656250001 0.7490774906250001 0.5437038750000001 0.73431734375 0.5215636531250001 0.6937269374999999 0.5141835796875001 0.638376384375 0.5141835796875001 0.6199262 0.5215636531250001 0.5904059046875 0.5547739859374999 0.5830258296874999 0.57691420625 0.5830258296874999 0.599054428125 0.5904059046875 0.6101245390625001 0.5867158671875 0.6285747234375
0 0.767527675 0.5695341328125 0.7933579328125 0.5916743546875 0.8339483390625 0.5916743546875 0.8487084875 0.5806042437500001 0.8487084875 0.57691420625 0.8597785984374999 0.562154059375 0.8597785984374999 0.5215636531250001 0.8487084875 0.50680350625 0.8487084875 0.50311346875 0.830258303125 0.4920433578125 0.8191881921874999 0.4883533203125 0.80442804375 0.4883533203125 0.7749077484375 0.50311346875 0.7638376390625 0.5215636531250001 0.7601476015624999 0.5326337640625 0.7601476015624999 0.5510839484375001 0.7638376390625 0.562154059375 0.767527675 0.5695341328125
0 0.8523985234375001 0.65440498125 0.867158671875 0.65440498125 0.8782287828124999 0.6617850546875 0.9261992625 0.6654750921875 0.9335793359375 0.6617850546875 0.940959409375 0.6507149453125 0.940959409375 0.62119465 0.9188191874999999 0.599054428125 0.907749078125 0.599054428125 0.9040590406250001 0.595364390625 0.863468634375 0.595364390625 0.8450184500000001 0.6101245390625001 0.8413284140625 0.6101245390625001 0.8376383765625001 0.6138145749999999 0.8376383765625001 0.62119465 0.8450184500000001 0.6470249078125 0.8523985234375001 0.65440498125
0 0.900369003125 0.5400138375 0.9188191874999999 0.5547739859374999 0.940959409375 0.5547739859374999 0.9520295203125 0.5510839484375001 0.9667896671875 0.5400138375 0.9704797046875001 0.5400138375 0.9704797046875001 0.5363238 0.9778597781249999 0.5289437265625 0.9778597781249999 0.49942343125 0.9741697421875 0.4883533203125 0.9704797046875001 0.480973246875 0.9520295203125 0.46621309999999994 0.9114391140625001 0.46621309999999994 0.9040590406250001 0.47359317343749996 0.900369003125 0.47359317343749996 0.88929889375 0.4883533203125 0.88560885625 0.49942343125 0.88560885625 0.5252536906249999 0.8966789671875001 0.5400138375 0.900369003125 0.5400138375
0 0.80442804375 0.447762915625 0.8154981546875 0.4514529515625 0.8339483390625 0.46621309999999994 0.8560885609375 0.47359317343749996 0.8745387453125 0.47359317343749996 0.8966789671875001 0.4625230625 0.9114391140625001 0.44407287812499996 0.9151291515625 0.42562269375 0.9188191874999999 0.42193265625 0.9188191874999999 0.3813422515625 0.9114391140625001 0.366582103125 0.88560885625 0.34444188124999997 0.8708487078125 0.3370618078125 0.8450184500000001 0.3370618078125 0.8413284140625 0.34075184531249997 0.830258303125 0.34075184531249997 0.8154981546875 0.35182195625 0.7970479703125 0.3813422515625 0.7933579328125 0.3924123609375 0.7933579328125 0.42562269375 0.7970479703125 0.43669280468749994 0.80442804375 0.447762915625
0 0.6236162359375 0.2632610703125 0.6309963093750001 0.26695110624999996 0.6642066421874999 0.26695110624999996 0.675276753125 0.2632610703125 0.6863468640625 0.25219095937499997 0.6937269374999999 0.23743081250000003 0.6937269374999999 0.20791051718750003 0.6863468640625 0.19315036875 0.6715867156249999 0.178390221875 0.6605166046875001 0.17470018437499998 0.6420664203124999 0.17470018437499998 0.6236162359375 0.18208025781249998 0.6051660515624999 0.2005304421875 0.6014760140625001 0.20791051718750003 0.6014760140625001 0.23743081250000003 0.6051660515624999 0.2448108859375 0.6236162359375 0.2632610703125
0 0.4907749078125 0.366582103125 0.49446494531249996 0.366582103125 0.5055350546875 0.3813422515625 0.523985240625 0.3924123609375 0.5682656828125 0.3924123609375 0.5830258296874999 0.3813422515625 0.6051660515624999 0.34813191875 0.6051660515624999 0.31123154999999997 0.6014760140625001 0.3001614390625 0.57933579375 0.27433118125 0.5645756453125 0.26695110624999996 0.5535055343749999 0.2632610703125 0.53505535 0.2632610703125 0.50184501875 0.27433118125 0.479704796875 0.29647140156249996 0.47601475937500004 0.3075415125 0.47601475937500004 0.34075184531249997 0.4870848703125 0.35551199218749996 0.4907749078125 0.366582103125
0 0.1254612546875 0.7097555343749999 0.14022140156250001 0.717135609375 0.1512915125 0.717135609375 0.15498155 0.7208256453125 0.177121771875 0.7208256453125 0.1808118078125 0.717135609375 0.19188191875 0.717135609375 0.19926199218750001 0.713445571875 0.21402214062499997 0.6949953875 0.2214022140625 0.6728551656249999 0.2177121765625 0.6507149453125 0.210332103125 0.635954796875 0.1808118078125 0.6101245390625001 0.14391143906249998 0.6101245390625001 0.11808118125 0.6248846859375 0.10701107031249998 0.6433348703124999 0.1033210328125 0.65440498125 0.1033210328125 0.6691651296875001 0.11070110625 0.69130535 0.1254612546875 0.7097555343749999
0 0.27306273124999997 0.7761762 0.28782287812499996 0.7835562734375 0.30627306249999997 0.7835562734375 0.3099631 0.7798662359375 0.324723246875 0.7798662359375 0.3321033203125 0.7724861625 0.33579335781249997 0.7724861625 0.34317343125 0.7577260140625001 0.34317343125 0.7245156828125 0.3394833953125 0.717135609375 0.324723246875 0.7023754609374999 0.31734317343749996 0.6986854250000001 0.2804428046875 0.6986854250000001 0.27306273124999997 0.7023754609374999 0.25830258281249996 0.717135609375 0.254612546875 0.7245156828125 0.254612546875 0.7466559046875 0.25830258281249996 0.7577260140625001 0.27306273124999997 0.7761762
0 0.3911439109375 0.7577260140625001 0.39483394843749997 0.7577260140625001 0.4095940953125 0.7687961249999999 0.42066420625 0.7687961249999999 0.42435424375 0.7651060890625 0.439114390625 0.7651060890625 0.457564575 0.750345940625 0.4612546125 0.7392758296874999 0.4612546125 0.7245156828125 0.46494464999999996 0.7208256453125 0.4612546125 0.717135609375 0.4612546125 0.7060654984375 0.4501845015625 0.69130535 0.4280442796875 0.680235240625 0.42435424375 0.6839252765625 0.40590405937499996 0.6839252765625 0.387453875 0.6986854250000001 0.3800738 0.713445571875 0.3800738 0.7392758296874999 0.3911439109375 0.754035978125 0.3911439109375 0.7577260140625001
0 0.099630996875 0.5916743546875 0.10701107031249998 0.595364390625 0.14022140156250001 0.595364390625 0.1476014765625 0.5916743546875 0.1623616234375 0.57691420625 0.16605166093749998 0.5695341328125 0.16605166093749998 0.558464021875 0.16974169687500001 0.5547739859374999 0.16974169687500001 0.5437038750000001 0.1586715859375 0.5215636531250001 0.1512915125 0.5141835796875001 0.132841328125 0.50680350625 0.10701107031249998 0.50680350625 0.1033210328125 0.5104935421875 0.092250921875 0.5104935421875 0.0811808125 0.5252536906249999 0.077490775 0.5363238 0.077490775 0.5658440953125 0.0811808125 0.5732241703125001 0.099630996875 0.5916743546875
0 0.3726937265625 0.3001614390625 0.387453875 0.3038514765625 0.3911439109375 0.3001614390625 0.42066420625 0.3001614390625 0.42435424375 0.29647140156249996 0.446494465625 0.3038514765625 0.457564575 0.3038514765625 0.4686346859375 0.292781365625 0.4686346859375 0.248500921875 0.457564575 0.2263607015625 0.446494465625 0.215290590625 0.42435424375 0.21160055312499998 0.42066420625 0.22267066406249997 0.4095940953125 0.2263607015625 0.36531365312499997 0.2300507375 0.3579335796875 0.2448108859375 0.3579335796875 0.27433118125 0.36531365312499997 0.292781365625 0.3726937265625 0.3001614390625
0 0.250922509375 0.3628920671875 0.2619926203125 0.34813191875 0.27675276718749997 0.34075184531249997 0.2952029515625 0.34075184531249997 0.2988929890625 0.34444188124999997 0.3099631 0.34444188124999997 0.324723246875 0.329681734375 0.324723246875 0.3186116234375 0.34317343125 0.3075415125 0.369003690625 0.31123154999999997 0.369003690625 0.31492158593749997 0.3726937265625 0.31492158593749997 0.369003690625 0.3075415125 0.361623615625 0.3075415125 0.34317343125 0.28171125468749997 0.3210332109375 0.2780212171875 0.31734317343749996 0.27433118125 0.2952029515625 0.27433118125 0.2619926203125 0.289091328125 0.247232471875 0.31123154999999997 0.24354243593749997 0.3223016609375 0.24354243593749997 0.35182195625 0.247232471875 0.3628920671875 0.250922509375 0.3628920671875
0 0.324723246875 0.40717250937499994 0.3321033203125 0.403482471875 0.3394833953125 0.3776522140625 0.33579335781249997 0.37027214062499997 0.3321033203125 0.37027214062499997 0.324723246875 0.3628920671875 0.31734317343749996 0.366582103125 0.3136531359375 0.3776522140625 0.31734317343749996 0.3813422515625 0.31734317343749996 0.39979243593749997 0.3099631 0.40717250937499994 0.324723246875 0.40717250937499994
0 0.36531365312499997 0.388722325 0.3726937265625 0.37396217656249997 0.3800738 0.366582103125 0.3726937265625 0.35551199218749996 0.3579335796875 0.35551199218749996 0.3542435421875 0.3592020296875 0.3542435421875 0.38503228749999996 0.3579335796875 0.388722325 0.36531365312499997 0.388722325
0 0.2988929890625 0.3961023984375 0.291512915625 0.37027214062499997 0.2804428046875 0.37027214062499997 0.27675276718749997 0.37396217656249997 0.27675276718749997 0.3924123609375 0.2804428046875 0.3961023984375 0.2988929890625 0.3961023984375
0 0.099630996875 0.34813191875 0.1476014765625 0.35551199218749996 0.1512915125 0.34813191875 0.1512915125 0.3370618078125 0.17343173437499998 0.329681734375 0.16974169687500001 0.3223016609375 0.16974169687500001 0.31123154999999997 0.14022140156250001 0.289091328125 0.132841328125 0.289091328125 0.1254612546875 0.29647140156249996 0.10701107031249998 0.3038514765625 0.095940959375 0.31492158593749997 0.0885608859375 0.3370618078125 0.0885608859375 0.34813191875 0.092250921875 0.35182195625 0.099630996875 0.34813191875
0 0.014760146875 0.65440498125 0.0258302578125 0.6654750921875 0.0332103328125 0.6691651296875001 0.0627306265625 0.6691651296875001 0.0811808125 0.6617850546875 0.092250921875 0.6507149453125 0.095940959375 0.6433348703124999 0.092250921875 0.6138145749999999 0.0885608859375 0.6064345015625 0.0738007375 0.5916743546875 0.059040590625 0.5842942796874999 0.0479704796875 0.5842942796874999 0.044280442187500005 0.5879843171875 0.022140221874999998 0.5916743546875 0.011070110937499999 0.6027444656250001 0.0073800734375 0.632264759375 0.011070110937499999 0.635954796875 0.011070110937499999 0.6470249078125 0.014760146875 0.65440498125
0 0.059040590625 0.7761762 0.059040590625 0.7909363468749999 0.0627306265625 0.7983164203124999 0.0664206640625 0.7983164203124999 0.0811808125 0.80938653125 0.11439114375 0.80938653125 0.1254612546875 0.80569649375 0.13653136562499998 0.794626384375 0.14022140156250001 0.7872463093750001 0.14022140156250001 0.7577260140625001 0.132841328125 0.7429658671875 0.1254612546875 0.73558579375 0.11070110625 0.7282057203125001 0.077490775 0.7282057203125001 0.0664206640625 0.7318957562499999 0.059040590625 0.7392758296874999 0.059040590625 0.750345940625 0.055350553125 0.754035978125 0.055350553125 0.7724861625 0.059040590625 0.7761762
0 0.5867158671875 0.7724861625 0.6125461249999999 0.7724861625 0.6199262 0.7687961249999999 0.6346863468749999 0.754035978125 0.638376384375 0.7318957562499999 0.6199262 0.7208256453125 0.6014760140625001 0.7208256453125 0.5867158671875 0.713445571875 0.5756457562499999 0.713445571875 0.5645756453125 0.7208256453125 0.560885609375 0.7282057203125001 0.560885609375 0.7429658671875 0.5682656828125 0.7577260140625001 0.5867158671875 0.7724861625
0 0.7047970484375 0.7798662359375 0.7527675281249999 0.7872463093750001 0.7822878234374999 0.7872463093750001 0.7822878234374999 0.754035978125 0.7638376390625 0.7466559046875 0.7380073796875 0.7466559046875 0.7306273062499999 0.73558579375 0.7306273062499999 0.7245156828125 0.7232472328124999 0.7245156828125 0.708487084375 0.7392758296874999 0.6974169734375 0.7429658671875 0.6937269374999999 0.750345940625 0.6937269374999999 0.7724861625 0.6974169734375 0.7761762 0.7047970484375 0.7798662359375