0 0.3322580640625 0.5213709671875 0.341935484375 0.5213709671875 0.3645161296875 0.5310483875 0.3935483875 0.5310483875 0.40967741875 0.5245967734375 0.43225806406249995 0.5020161296875 0.43225806406249995 0.47620967812500004 0.44516129062500004 0.4536290328125 0.44516129062500004 0.43427419375 0.4354838703125 0.4084677421875 0.4064516125 0.382661290625 0.3935483875 0.37943548437499997 0.34838709687499997 0.382661290625 0.3290322578125 0.39233870937500004 0.30967741875 0.41169354843750006 0.3 0.4310483875 0.3 0.4504032265625 0.29677419375 0.4536290328125 0.3 0.482661290625 0.3322580640625 0.5213709671875
0 0.458064515625 0.4375 0.4677419359375 0.4375 0.4870967734375 0.4245967734375 0.5064516125 0.41814516093750004 0.5419354843749999 0.41814516093750004 0.5612903218749999 0.4310483875 0.5677419359375 0.4310483875 0.5709677421875 0.41814516093750004 0.5935483875 0.376209678125 0.5935483875 0.3665322578125 0.5838709671875 0.34717741874999997 0.5645161296875 0.32782258125 0.5225806453125 0.3149193546875 0.5064516125 0.3149193546875 0.4677419359375 0.3310483875 0.451612903125 0.3439516125 0.43870967812500006 0.3665322578125 0.43870967812500006 0.39233870937500004 0.4354838703125 0.398790321875 0.44516129062500004 0.4213709671875 0.458064515625 0.4375
0 0.4225806453125 0.389112903125 0.43225806406249995 0.398790321875 0.4354838703125 0.398790321875 0.4354838703125 0.3729838703125 0.448387096875 0.34717741874999997 0.4709677421875 0.32782258125 0.4838709671875 0.32459677343750004 0.49032258124999994 0.3181451609375 0.5 0.3181451609375 0.50322580625 0.31169354843749997 0.47741935468749996 0.3084677421875 0.47419354843750006 0.31169354843749997 0.4645161296875 0.31169354843749997 0.44193548437499997 0.32137096718749997 0.4193548390625 0.3439516125 0.4129032265625 0.35685483906250004 0.4129032265625 0.3729838703125 0.40967741875 0.37943548437499997 0.4193548390625 0.389112903125 0.4225806453125 0.389112903125
0 0.31612903281250004 0.398790321875 0.3290322578125 0.389112903125 0.354838709375 0.37943548437499997 0.39677419375 0.376209678125 0.4 0.37943548437499997 0.4064516125 0.37943548437499997 0.40967741875 0.3697580640625 0.4064516125 0.3504032265625 0.3935483875 0.3375 0.3677419359375 0.32137096718749997 0.354838709375 0.32137096718749997 0.35161290312500004 0.3181451609375 0.3258064515625 0.32137096718749997 0.31290322656249997 0.32782258125 0.29032258125 0.34717741874999997 0.2838709671875 0.3600806453125 0.28064516093749997 0.3697580640625 0.28064516093749997 0.395564515625 0.2870967734375 0.398790321875 0.31612903281250004 0.398790321875
0 0.2064516125 0.395564515625 0.20967741874999998 0.398790321875 0.261290321875 0.395564515625 0.27096774218749997 0.39233870937500004 0.2774193546875 0.382661290625 0.2774193546875 0.3697580640625 0.2838709671875 0.35685483906250004 0.28064516093749997 0.32459677343750004 0.258064515625 0.295564515625 0.248387096875 0.28911290312500004 0.2258064515625 0.279435484375 0.1935483875 0.279435484375 0.1709677421875 0.28911290312500004 0.151612903125 0.31169354843749997 0.145161290625 0.3310483875 0.151612903125 0.3665322578125 0.1806451609375 0.395564515625 0.2064516125 0.395564515625
0 0.10322580625 0.3504032265625 0.10967741875 0.34072580625 0.10967741875 0.32782258125 0.10645161249999999 0.3181451609375 0.0741935484375 0.3084677421875 0.061290321875 0.3084677421875 0.041935484375 0.3149193546875 0.0258064515625 0.32782258125 0.0129032265625 0.33427419375 0.00967741875 0.34717741874999997 0.0225806453125 0.34717741874999997 0.0258064515625 0.3504032265625 0.10322580625 0.3504032265625
0 0.0258064515625 0.282661290625 0.0290322578125 0.28588709687499997 0.0290322578125 0.298790321875 0.0354838703125 0.3052419359375 0.0354838703125 0.3084677421875 0.048387096875 0.31169354843749997 0.061290321875 0.3052419359375 0.0774193546875 0.3052419359375 0.0806451609375 0.3084677421875 0.09032258125 0.3084677421875 0.0935483875 0.31169354843749997 0.10645161249999999 0.31169354843749997 0.12258064531249999 0.3052419359375 0.1354838703125 0.292338709375 0.1354838703125 0.279435484375 0.13870967812499999 0.27620967812499997 0.1354838703125 0.2697580640625 0.1354838703125 0.25040322656249997 0.13870967812499999 0.24717741875 0.13870967812499999 0.24072580625 0.1354838703125 0.2375 0.0322580640625 0.2375 0.0258064515625 0.25040322656249997 0.0258064515625 0.282661290625
0 0.1774193546875 0.2665322578125 0.1774193546875 0.2697580640625 0.1806451609375 0.2697580640625 0.1870967734375 0.27620967812499997 0.2 0.27620967812499997 0.20322580625 0.2729838703125 0.2322580640625 0.27620967812499997 0.24193548437499998 0.2665322578125 0.24193548437499998 0.2375 0.154838709375 0.2375 0.154838709375 0.24072580625 0.1774193546875 0.2665322578125
0 0 0.34717741874999997 0.0064516124999999995 0.34072580625 0.0064516124999999995 0.3375 0.0290322578125 0.3181451609375 0.0258064515625 0.28588709687499997 0.0193548390625 0.27620967812499997 0 0.27620967812499997 0 0.34717741874999997
0 0.248387096875 0.25040322656249997 0.248387096875 0.279435484375 0.251612903125 0.28588709687499997 0.2741935484375 0.3084677421875 0.2774193546875 0.3084677421875 0.2774193546875 0.295564515625 0.28064516093749997 0.292338709375 0.2838709671875 0.279435484375 0.30322580625 0.2600806453125 0.30645161249999997 0.2600806453125 0.31290322656249997 0.25362903281250004 0.3290322578125 0.25040322656249997 0.3322580640625 0.24717741875 0.345161290625 0.24717741875 0.341935484375 0.2375 0.251612903125 0.2375 0.251612903125 0.24717741875 0.248387096875 0.25040322656249997
0 0.29032258125 0.3310483875 0.2935483875 0.33427419375 0.3 0.33427419375 0.3258064515625 0.32137096718749997 0.3677419359375 0.3181451609375 0.37419354843749997 0.32137096718749997 0.3774193546875 0.3181451609375 0.3774193546875 0.3052419359375 0.3806451609375 0.3020161296875 0.3806451609375 0.28588709687499997 0.38387096718749997 0.282661290625 0.38387096718749997 0.2729838703125 0.3806451609375 0.2665322578125 0.358064515625 0.25362903281250004 0.3225806453125 0.25362903281250004 0.30645161249999997 0.2600806453125 0.29677419375 0.2697580640625 0.2935483875 0.2697580640625 0.2935483875 0.2729838703125 0.2838709671875 0.28588709687499997 0.28064516093749997 0.295564515625 0.28064516093749997 0.3149193546875 0.29032258125 0.32782258125 0.29032258125 0.3310483875
0 0.40967741875 0.34717741874999997 0.4129032265625 0.34717741874999997 0.44193548437499997 0.3181451609375 0.47419354843750006 0.3052419359375 0.5064516125 0.3052419359375 0.50967741875 0.3020161296875 0.5064516125 0.279435484375 0.49677419375 0.2633064515625 0.4838709671875 0.25040322656249997 0.46129032187499996 0.24072580625 0.4290322578125 0.24072580625 0.4193548390625 0.2439516125 0.39032258125 0.2697580640625 0.38387096718749997 0.28911290312500004 0.38387096718749997 0.31169354843749997 0.3806451609375 0.3149193546875 0.38709677343750004 0.32782258125 0.40967741875 0.34717741874999997
0 0.3677419359375 0.25362903281250004 0.38387096718749997 0.2665322578125 0.39032258125 0.2665322578125 0.39032258125 0.2633064515625 0.4129032265625 0.2439516125 0.4354838703125 0.2375 0.354838709375 0.2375 0.354838709375 0.24717741875 0.3677419359375 0.25362903281250004
0 0.5 0.2633064515625 0.5161290328125 0.295564515625 0.5161290328125 0.3052419359375 0.5225806453125 0.31169354843749997 0.5322580640625 0.31169354843749997 0.5354838703125 0.3149193546875 0.548387096875 0.31169354843749997 0.551612903125 0.3149193546875 0.548387096875 0.2600806453125 0.551612903125 0.2568548390625 0.558064515625 0.2375 0.50322580625 0.2375 0.5 0.2439516125 0.5 0.2633064515625
0 0.49677419375 0.25040322656249997 0.50322580625 0.2375 0.4645161296875 0.2375 0.49032258124999994 0.25040322656249997 0.49677419375 0.25040322656249997
0 0.551612903125 0.2633064515625 0.554838709375 0.3181451609375 0.5709677421875 0.32782258125 0.6 0.3600806453125 0.6129032265625 0.3600806453125 0.6838709671875 0.34072580625 0.6967741937499999 0.3181451609375 0.7258064515625 0.28588709687499997 0.7193548390625 0.27620967812499997 0.7193548390625 0.2633064515625 0.70967741875 0.25362903281250004 0.7064516125 0.2375 0.5612903218749999 0.2375 0.554838709375 0.25040322656249997 0.551612903125 0.2633064515625
0 0.7129032265624999 0.25040322656249997 0.7193548390625 0.25362903281250004 0.7258064515625 0.2633064515625 0.745161290625 0.27620967812499997 0.7709677421875 0.27620967812499997 0.7741935484375 0.2729838703125 0.7870967734375001 0.2729838703125 0.79032258125 0.2697580640625 0.79032258125 0.25362903281250004 0.7935483875 0.25040322656249997 0.7967741937499999 0.2375 0.70967741875 0.2375 0.70967741875 0.24072580625 0.7129032265624999 0.25040322656249997
0 0.7967741937499999 0.25040322656249997 0.7967741937499999 0.2697580640625 0.8 0.27620967812499997 0.8064516125000001 0.282661290625 0.8225806453125 0.28911290312500004 0.838709678125 0.3052419359375 0.838709678125 0.3084677421875 0.8516129031249999 0.3149193546875 0.8741935484375001 0.292338709375 0.9 0.279435484375 0.90967741875 0.279435484375 0.9129032265625 0.27620967812499997 0.941935484375 0.27620967812499997 0.941935484375 0.2633064515625 0.9322580640625 0.2375 0.8032258062500001 0.2375 0.8 0.24072580625 0.7967741937499999 0.25040322656249997
0 0.8870967734375 0.41169354843750006 0.8903225812500001 0.41491935468749996 0.9548387093749999 0.41169354843750006 0.9870967734375 0.398790321875 0.99677419375 0.385887096875 0.99677419375 0.3084677421875 0.9806451609375 0.295564515625 0.9516129031249999 0.282661290625 0.9193548390625 0.279435484375 0.8806451609374999 0.292338709375 0.8612903218750001 0.3084677421875 0.845161290625 0.3439516125 0.841935484375 0.382661290625 0.8516129031249999 0.4084677421875 0.858064515625 0.41169354843750006 0.8870967734375 0.41169354843750006
0 0.754838709375 0.3729838703125 0.7677419359375001 0.389112903125 0.7774193546875 0.41169354843750006 0.79032258125 0.41169354843750006 0.8193548390625001 0.398790321875 0.8354838703125 0.382661290625 0.841935484375 0.35685483906250004 0.841935484375 0.32459677343750004 0.8290322578125 0.3020161296875 0.8193548390625001 0.292338709375 0.8 0.282661290625 0.7645161296875 0.279435484375 0.738709678125 0.28588709687499997 0.7129032265624999 0.3020161296875 0.6935483875 0.32782258125 0.69032258125 0.3439516125 0.6935483875 0.34717741874999997 0.7064516125 0.34717741874999997 0.754838709375 0.3729838703125
0 0.641935484375 0.5278225812499999 0.6967741937499999 0.5310483875 0.7225806453125 0.5213709671875 0.754838709375 0.49233870937499996 0.7741935484375 0.4439516125 0.7709677421875 0.4020161296875 0.761290321875 0.385887096875 0.7290322578125 0.3600806453125 0.6838709671875 0.34717741874999997 0.641935484375 0.3536290328125 0.60322580625 0.3697580640625 0.5870967734375 0.385887096875 0.5774193546874999 0.4052419359375 0.5709677421875 0.4375 0.5903225812499999 0.489112903125 0.6161290328125 0.5181451609375001 0.641935484375 0.5278225812499999
0 0.754838709375 0.5665322578125 0.7838709671874999 0.595564515625 0.80967741875 0.6084677421875 0.8258064515625 0.6084677421875 0.841935484375 0.595564515625 0.8774193546875001 0.579435484375 0.89677419375 0.576209678125 0.9064516125000001 0.5439516125 0.9064516125000001 0.5245967734375 0.9 0.49556451562500003 0.8870967734375 0.4729838703125 0.8645161296874999 0.4536290328125 0.8322580640625 0.44072580625 0.8 0.44072580625 0.7741935484375 0.4536290328125 0.758064515625 0.49556451562500003 0.741935484375 0.5116935484375 0.741935484375 0.53427419375 0.754838709375 0.5665322578125
0 0.8193548390625001 0.7310483875 0.845161290625 0.74717741875 0.8741935484375001 0.7536290328125 0.9516129031249999 0.679435484375 0.945161290625 0.6342741937499999 0.9612903218750001 0.6116935484375 0.9612903218750001 0.6052419359375001 0.9354838703125001 0.585887096875 0.89677419375 0.579435484375 0.841935484375 0.5987903218749999 0.8064516125000001 0.6342741937499999 0.8 0.6504032265624999 0.8 0.6858870968749999 0.8129032265625 0.7213709671874999 0.8193548390625001 0.7310483875
0 0.9516129031249999 0.6665322578125 0.9580645156250001 0.6729838703125 0.99677419375 0.6342741937499999 0.99677419375 0.5729838703125 0.9935483875 0.5729838703125 0.9774193546875001 0.589112903125 0.9774193546875001 0.592338709375 0.9677419359374999 0.6020161296875 0.9645161296874999 0.6116935484375 0.9516129031249999 0.62782258125 0.9483870968750001 0.6375 0.9483870968750001 0.6504032265624999 0.9516129031249999 0.6536290328125001 0.9516129031249999 0.6665322578125
0 0.6870967734375 0.7536290328125 0.7483870968749999 0.7568548390625 0.7774193546875 0.7439516125 0.7935483875 0.7213709671874999 0.7967741937499999 0.7116935484375 0.7935483875 0.6504032265624999 0.7838709671874999 0.6342741937499999 0.758064515625 0.6084677421875 0.741935484375 0.5987903218749999 0.7258064515625 0.592338709375 0.6741935484375 0.595564515625 0.6354838703125 0.62782258125 0.6258064515624999 0.64717741875 0.6225806453125 0.6697580640624999 0.641935484375 0.72782258125 0.654838709375 0.7407258062500001 0.6870967734375 0.7536290328125
0 0.7741935484375 0.6181451609375 0.7838709671874999 0.6310483875 0.7935483875 0.6342741937499999 0.8 0.62782258125 0.8032258062500001 0.6181451609375 0.7967741937499999 0.6052419359375001 0.7774193546875 0.592338709375 0.7677419359375001 0.579435484375 0.761290321875 0.576209678125 0.738709678125 0.5181451609375001 0.7322580640624999 0.5181451609375001 0.7 0.53427419375 0.6967741937499999 0.54072580625 0.7258064515625 0.589112903125 0.7483870968749999 0.5987903218749999 0.7741935484375 0.6181451609375
0 0.5870967734375 0.6439516125 0.6161290328125 0.6600806453125 0.6193548390625 0.6600806453125 0.6322580640625 0.62782258125 0.645161290625 0.6149193546875 0.6870967734375 0.589112903125 0.7193548390625 0.589112903125 0.7225806453125 0.585887096875 0.7161290328125001 0.5665322578125 0.6870967734375 0.54072580625 0.648387096875 0.5310483875 0.59677419375 0.5310483875 0.5838709671875 0.5375 0.5806451609375001 0.582661290625 0.5677419359375 0.6052419359375001 0.5709677421875 0.62782258125 0.5870967734375 0.6439516125
0 0.4935483875 0.479435484375 0.50967741875 0.479435484375 0.5129032265625 0.47620967812500004 0.5354838703125 0.479435484375 0.554838709375 0.489112903125 0.5709677421875 0.5052419359375 0.5774193546874999 0.5052419359375 0.5806451609375001 0.49879032187499994 0.5806451609375001 0.47620967812500004 0.5741935484375 0.4665322578125 0.5741935484375 0.4504032265625 0.5677419359375 0.4375 0.5451612906250001 0.4213709671875 0.5258064515624999 0.4213709671875 0.5225806453125 0.41814516093750004 0.5193548390625 0.4213709671875 0.5064516125 0.4213709671875 0.4870967734375 0.42782258124999994 0.451612903125 0.4504032265625 0.44193548437499997 0.46330645156249994 0.4354838703125 0.47620967812500004 0.4354838703125 0.5052419359375 0.43870967812500006 0.5084677421875 0.4935483875 0.479435484375
0 0.43225806406249995 0.6245967734375 0.458064515625 0.6375 0.4677419359375 0.6375 0.4935483875 0.6213709671875 0.5354838703125 0.6181451609375 0.558064515625 0.6052419359375001 0.5774193546874999 0.579435484375 0.5806451609375001 0.5633064515624999 0.5774193546874999 0.5213709671875 0.554838709375 0.49233870937499996 0.5354838703125 0.482661290625 0.5225806453125 0.479435484375 0.4935483875 0.482661290625 0.44193548437499997 0.5084677421875 0.4161290328125 0.53427419375 0.40967741875 0.54717741875 0.40967741875 0.5729838703125 0.4225806453125 0.6149193546875 0.43225806406249995 0.6245967734375
0 0.6129032265625 0.7600806453125 0.6258064515624999 0.7407258062500001 0.6290322578125 0.692338709375 0.6225806453125 0.6729838703125 0.6064516125 0.6568548390625 0.558064515625 0.6310483875 0.538709678125 0.6245967734375 0.49677419375 0.6245967734375 0.47741935468749996 0.6342741937499999 0.4645161296875 0.64717741875 0.451612903125 0.6729838703125 0.448387096875 0.6891129031250001 0.451612903125 0.7310483875 0.4709677421875 0.7600806453125 0.6129032265625 0.7600806453125
0 0.2870967734375 0.6891129031250001 0.3 0.6891129031250001 0.34838709687499997 0.6697580640624999 0.3774193546875 0.6697580640624999 0.3935483875 0.676209678125 0.40967741875 0.6697580640624999 0.4193548390625 0.6342741937499999 0.4193548390625 0.6116935484375 0.4064516125 0.5665322578125 0.39032258125 0.5504032265625 0.3677419359375 0.5375 0.3322580640625 0.5278225812499999 0.30967741875 0.5278225812499999 0.28064516093749997 0.5375 0.251612903125 0.5600806453125 0.238709678125 0.585887096875 0.2354838703125 0.5987903218749999 0.238709678125 0.6407258062500001 0.251612903125 0.6633064515625 0.2870967734375 0.6891129031250001
0 0.2322580640625 0.6310483875 0.2354838703125 0.6245967734375 0.2354838703125 0.585887096875 0.248387096875 0.5600806453125 0.2741935484375 0.5375 0.3193548390625 0.5245967734375 0.3193548390625 0.5149193546874999 0.2935483875 0.482661290625 0.27096774218749997 0.47620967812500004 0.2322580640625 0.47620967812500004 0.2129032265625 0.482661290625 0.1870967734375 0.5052419359375 0.1709677421875 0.54072580625 0.1677419359375 0.582661290625 0.1709677421875 0.589112903125 0.2129032265625 0.62782258125 0.2322580640625 0.6310483875
0 0.1774193546875 0.5181451609375001 0.1870967734375 0.5020161296875 0.20322580625 0.485887096875 0.2354838703125 0.4729838703125 0.27096774218749997 0.4729838703125 0.2741935484375 0.47620967812500004 0.2935483875 0.479435484375 0.29032258125 0.4665322578125 0.2741935484375 0.4504032265625 0.24193548437499998 0.4375 0.21935483906250003 0.4375 0.20967741874999998 0.44072580625 0.19677419375 0.44717741875000006 0.1806451609375 0.46330645156249994 0.1709677421875 0.482661290625 0.1709677421875 0.5116935484375 0.1774193546875 0.5149193546874999 0.1774193546875 0.5181451609375001
0 0.0709677421875 0.6181451609375 0.0935483875 0.5987903218749999 0.12258064531249999 0.585887096875 0.15806451562499998 0.585887096875 0.1645161296875 0.579435484375 0.1677419359375 0.5697580640625 0.1677419359375 0.5149193546874999 0.141935484375 0.482661290625 0.10967741875 0.4697580640625 0.0774193546875 0.4697580640625 0.051612903125 0.479435484375 0.0354838703125 0.49233870937499996 0.0258064515625 0.5084677421875 0.0225806453125 0.5504032265625 0.045161290625 0.5987903218749999 0.061290321875 0.6149193546875 0.0709677421875 0.6181451609375
0 0.0806451609375 0.679435484375 0.1258064515625 0.7020161296875 0.1322580640625 0.7149193546875 0.13870967812499999 0.7149193546875 0.145161290625 0.698790321875 0.15806451562499998 0.6858870968749999 0.20322580625 0.6600806453125 0.20967741874999998 0.6504032265624999 0.20322580625 0.6245967734375 0.19032258124999998 0.6116935484375 0.161290321875 0.592338709375 0.145161290625 0.592338709375 0.141935484375 0.589112903125 0.1129032265625 0.592338709375 0.0935483875 0.6020161296875 0.0774193546875 0.6181451609375 0.0645161296875 0.6439516125 0.0645161296875 0.6600806453125 0.061290321875 0.6633064515625 0.0645161296875 0.679435484375 0.0806451609375 0.679435484375
0 0.0193548390625 0.7020161296875 0.061290321875 0.682661290625 0.0645161296875 0.6407258062500001 0.0709677421875 0.6245967734375 0.061290321875 0.6245967734375 0.038709678125 0.6375 0.0290322578125 0.64717741875 0.0193548390625 0.6665322578125 0.0193548390625 0.676209678125 0.0161290328125 0.679435484375 0.0161290328125 0.698790321875 0.0193548390625 0.7020161296875
0 0.0225806453125 0.7504032265625 0.0258064515625 0.7600806453125 0.141935484375 0.7600806453125 0.141935484375 0.7407258062500001 0.1354838703125 0.7245967734375001 0.1290322578125 0.7116935484375 0.10967741875 0.692338709375 0.09677419375 0.6858870968749999 0.0806451609375 0.6858870968749999 0.0741935484375 0.682661290625 0.0709677421875 0.6858870968749999 0.058064515625 0.6858870968749999 0.0290322578125 0.7020161296875 0.0225806453125 0.7084677421875 0.0225806453125 0.7245967734375001 0.0258064515625 0.72782258125 0.0225806453125 0.7504032265625
0 0.2645161296875 0.7600806453125 0.2774193546875 0.7149193546875 0.2774193546875 0.7020161296875 0.27096774218749997 0.695564515625 0.2677419359375 0.6858870968749999 0.251612903125 0.6729838703125 0.251612903125 0.6697580640624999 0.2322580640625 0.6633064515625 0.19677419375 0.6633064515625 0.1870967734375 0.6665322578125 0.1677419359375 0.679435484375 0.145161290625 0.7052419359375001 0.141935484375 0.7116935484375 0.141935484375 0.7342741937499999 0.151612903125 0.7600806453125 0.2645161296875 0.7600806453125
0 0.24193548437499998 0.6536290328125001 0.2354838703125 0.6342741937499999 0.2290322578125 0.6342741937499999 0.2129032265625 0.6504032265624999 0.20967741874999998 0.6600806453125 0.251612903125 0.6665322578125 0.251612903125 0.6633064515625 0.24193548437499998 0.6536290328125001
0 0.44193548437499997 0.7342741937499999 0.4290322578125 0.7084677421875 0.4064516125 0.6858870968749999 0.37419354843749997 0.6729838703125 0.3354838703125 0.676209678125 0.31290322656249997 0.6858870968749999 0.2870967734375 0.7052419359375001 0.27096774218749997 0.7342741937499999 0.2677419359375 0.7600806453125 0.44193548437499997 0.7600806453125 0.44516129062500004 0.7568548390625 0.44193548437499997 0.7342741937499999
0 0.8258064515625 0.7407258062500001 0.7935483875 0.7407258062500001 0.7741935484375 0.7504032265625 0.7645161296875 0.7600806453125 0.8516129031249999 0.7600806453125 0.848387096875 0.7536290328125 0.8258064515625 0.7407258062500001
0 0.69032258125 0.7600806453125 0.6870967734375 0.7568548390625 0.6774193546875 0.7568548390625 0.6741935484375 0.7536290328125 0.638709678125 0.7536290328125 0.6290322578125 0.7568548390625 0.6225806453125 0.7600806453125 0.6354838703125 0.7568548390625 0.6395161296875 0.7600806453125 0.69032258125 0.7600806453125