0 0.4600302421875 0.5806451609375001 0.5648689515624999 0.5927419359375 0.7100302421875 0.5725806453125 0.7301915328125 0.5604838703125 0.762449596875 0.5 0.7785786296875 0.43145161249999997 0.7745463703125 0.3427419359375 0.750352821875 0.29032258125 0.6979334671874999 0.2459677421875 0.568901209375 0.23387096718749997 0.47615927343750003 0.25 0.43180443593750006 0.270161290625 0.4035786296875 0.298387096875 0.38341733906250003 0.33870967812499997 0.375352821875 0.366935484375 0.37938508125000003 0.47177419374999996 0.4197076609375 0.548387096875 0.4600302421875 0.5806451609375001
0 0.23825604843749998 0.4838709671875 0.2745463703125 0.47983870937499995 0.302772178125 0.5161290328125 0.35115927343750003 0.520161290625 0.38341733906250003 0.4959677421875 0.3713205640625 0.4475806453125 0.3713205640625 0.354838709375 0.38341733906250003 0.3225806453125 0.43583669374999995 0.26209677343750004 0.5043850812499999 0.2379032265625 0.47212701562500003 0.20161290312500002 0.3995463703125 0.16532258125 0.359223790625 0.1572580640625 0.2866431453125 0.161290321875 0.2140625 0.1935483875 0.15761088750000002 0.27822580625 0.15761088750000002 0.366935484375 0.1979334671875 0.423387096875 0.2140625 0.463709678125 0.23825604843749998 0.4838709671875
0 0.2100302421875 0.6008064515625 0.2180947578125 0.5725806453125 0.205997984375 0.45967741875 0.1818044359375 0.40322580625000004 0.1535786296875 0.375 0.11325604843749999 0.354838709375 0.0890625 0.354838709375 0.0890625 0.6129032265625 0.1898689515625 0.616935484375 0.2100302421875 0.6008064515625
0 0.722127015625 0.2540322578125 0.7705141125 0.30645161249999997 0.8551915328125 0.31854838750000003 0.9076108875 0.3145161296875 0.9076108875 0.1088709671875 0.8672883062500001 0.09677419375 0.7382560484375 0.10080645156250001 0.7100302421875 0.1129032265625 0.677772178125 0.15322580624999999 0.6697076609375 0.1774193546875 0.6697076609375 0.213709678125 0.677772178125 0.229838709375 0.722127015625 0.2540322578125
0 0.552772178125 0.1975806453125 0.56083669375 0.1935483875 0.5890625 0.20161290312500002 0.6576108875 0.1935483875 0.6656754031250001 0.1854838703125 0.6656754031250001 0.16935483906249998 0.677772178125 0.1411290328125 0.7261592734375 0.09677419375 0.7180947578125 0.0725806453125 0.68583669375 0.04032258125 0.6132560484375 0.0241935484375 0.5809979843749999 0.0241935484375 0.5205141125 0.04032258125 0.4640625 0.0806451609375 0.4479334671875 0.1129032265625 0.4479334671875 0.133064515625 0.48825604843750003 0.1491935484375 0.552772178125 0.1975806453125
0 0.4519657265625 0.1854838703125 0.4600302421875 0.1935483875 0.47212701562500003 0.1975806453125 0.49228830625000003 0.22177419375000001 0.5084173390625 0.23387096718749997 0.5164818546875 0.2379032265625 0.5447076609375 0.2379032265625 0.5568044359375001 0.23387096718749997 0.5568044359375001 0.213709678125 0.552772178125 0.2056451609375 0.5447076609375 0.1935483875 0.5084173390625 0.161290321875 0.4600302421875 0.1411290328125 0.38341733906250003 0.1411290328125 0.3713205640625 0.15322580624999999 0.375352821875 0.1572580640625 0.4035786296875 0.161290321875 0.4519657265625 0.1854838703125
0 0.2785786296875 0.1572580640625 0.3430947578125 0.15322580624999999 0.43180443593750006 0.12096774218749999 0.42373991875000006 0.0725806453125 0.3955141125 0.04032258125 0.3632560484375 0.020161290625 0.302772178125 0.0040322578125000005 0.25841733906250003 0.0040322578125000005 0.22615927343750003 0.0161290328125 0.1818044359375 0.056451612500000005 0.165675403125 0.08467741875 0.1616431453125 0.09677419375 0.1697076609375 0.125 0.20196572656249998 0.1895161296875 0.2785786296875 0.1572580640625
0 0.1334173390625 0.1774193546875 0.14148185468750002 0.1854838703125 0.1455141125 0.1854838703125 0.17373991875 0.2177419359375 0.1818044359375 0.20967741874999998 0.18583669375 0.1975806453125 0.1818044359375 0.1895161296875 0.1818044359375 0.161290321875 0.1535786296875 0.1088709671875 0.14148185468750002 0.09677419375 0.1051915328125 0.0806451609375 0.0890625 0.0806451609375 0.0890625 0.161290321875 0.1011592734375 0.161290321875 0.1334173390625 0.1774193546875
0 0.14148185468750002 0.3588709671875 0.1495463703125 0.3508064515625 0.1495463703125 0.2822580640625 0.165675403125 0.25 0.1697076609375 0.2258064515625 0.1535786296875 0.1975806453125 0.12535282187500002 0.1774193546875 0.09712701562500001 0.16532258125 0.0890625 0.16532258125 0.0890625 0.34677419375 0.1051915328125 0.34677419375 0.14148185468750002 0.3588709671875
0 0.43583669374999995 0.6129032265625 0.4680947578125 0.604838709375 0.4680947578125 0.59677419375 0.4116431453125 0.5524193546875 0.3713205640625 0.5443548390624999 0.302772178125 0.548387096875 0.23019153281250002 0.5887096781250001 0.2100302421875 0.6088709671875 0.2100302421875 0.616935484375 0.31083669375 0.6209677421875 0.43583669374999995 0.6129032265625
0 0.7382560484375 0.5564516125 0.7785786296875 0.548387096875 0.81083669375 0.5322580640625 0.8309979843749999 0.5120967734375 0.8430947578125 0.47983870937499995 0.8430947578125 0.44354838750000003 0.8269657265625 0.38709677343750004 0.81083669375 0.3588709671875 0.7745463703125 0.326612903125 0.7826108875 0.354838709375 0.7826108875 0.4395161296875 0.7745463703125 0.47580645156249995 0.7382560484375 0.5564516125
0 0.79873991875 0.09677419375 0.8027721781249999 0.09274193593749999 0.8229334671874999 0.09274193593749999 0.8350302421875 0.088709678125 0.8390625 0.09274193593749999 0.847127015625 0.09274193593749999 0.859223790625 0.088709678125 0.859223790625 0.0806451609375 0.8390625 0.048387096875 0.818901209375 0.0322580640625 0.7947076609375 0.020161290625 0.7745463703125 0.020161290625 0.7705141125 0.0161290328125 0.7382560484375 0.0161290328125 0.7140625 0.028225806250000002 0.7019657265625 0.04032258125 0.7019657265625 0.048387096875 0.734223790625 0.09274193593749999 0.79873991875 0.09677419375