0 0.42181818125000003 0.46536931875 0.4654545453125 0.46173295468750003 0.5236363640625 0.436278409375 0.54181818125 0.418096590625 0.5599999999999999 0.3744602265625 0.5599999999999999 0.32355113593749996 0.5454545453125 0.26536931875 0.530909090625 0.2435511359375 0.5054545453125 0.22536931875000002 0.46181818124999996 0.21082386406250003 0.42181818125000003 0.21082386406250003 0.3672727265625 0.2326420453125 0.3345454546875 0.26900568125 0.32 0.316278409375 0.3163636359375 0.3708238640625 0.3236363640625 0.38900568125 0.38181818125 0.44718749999999996 0.42181818125000003 0.46536931875
0 0.4763636359375 0.6908238640625 0.5599999999999999 0.716278409375 0.5963636359375 0.7126420453125 0.669090909375 0.6726420453124999 0.6945454546875001 0.636278409375 0.70181818125 0.5635511359375001 0.6836363640625 0.516278409375 0.6581818187499999 0.4871875 0.5745454546875 0.4435511359375 0.5236363640625 0.4435511359375 0.45818181874999997 0.46900568125 0.43272727343749995 0.498096590625 0.41818181875000004 0.5344602265625 0.41454545468750004 0.596278409375 0.42181818125000003 0.62900568125 0.44000000000000006 0.6617329546875 0.4763636359375 0.6908238640625
0 0.6254545453125 0.46900568125 0.650909090625 0.476278409375 0.69818181875 0.4726420453125 0.7236363640625 0.458096590625 0.7636363640625 0.418096590625 0.7854545453124999 0.3744602265625 0.7854545453124999 0.34536931875 0.7636363640625 0.33446022656249996 0.7527272734375 0.316278409375 0.7527272734375 0.3017329546875 0.76 0.2908238640625 0.7563636359375 0.2799147734375 0.7345454546875 0.258096590625 0.7054545453125 0.24718749999999998 0.6872727265624999 0.24718749999999998 0.70181818125 0.27264204531249997 0.70181818125 0.2944602265625 0.6727272734375 0.32355113593749996 0.6327272734375 0.32355113593749996 0.6145454546875 0.30900568125 0.5927272734375 0.30536931875 0.5745454546875 0.30900568125 0.5672727265625 0.3271875 0.5636363640625001 0.3817329546875 0.57818181875 0.42536931874999995 0.5963636359375 0.45082386406249997 0.6254545453125 0.46900568125
0 0.8436363640625 0.62536931875 0.8800000000000001 0.6217329546875 0.9090909093749999 0.6071875 0.9454545453125001 0.5708238640625 0.970909090625 0.50536931875 0.9636363640625 0.45446022656249996 0.9454545453125001 0.418096590625 0.9127272734374999 0.38900568125 0.8690909093749999 0.3708238640625 0.8290909093750001 0.3708238640625 0.8036363640624999 0.3817329546875 0.7236363640625 0.4726420453125 0.72 0.5235511359375 0.74181818125 0.578096590625 0.7927272734375 0.6108238640625 0.8436363640625 0.62536931875
0 0.1745454546875 0.5744602265625 0.1927272734375 0.5926420453125 0.250909090625 0.6071875 0.32 0.6144602265625 0.34181818124999996 0.6035511359375 0.3745454546875 0.5708238640625 0.3963636359375 0.516278409375 0.39272727343749997 0.458096590625 0.3272727265625 0.40718750000000004 0.290909090625 0.39991477343750004 0.24727272656250002 0.39991477343750004 0.21818181874999998 0.40718750000000004 0.17818181875 0.43264204531250006 0.16363636406249998 0.46900568125 0.16 0.50536931875 0.1672727265625 0.5271874999999999 0.1672727265625 0.5599147734375001 0.1745454546875 0.5744602265625
0 0.17090909062499998 0.8035511359375 0.1854545453125 0.818096590625 0.1854545453125 0.82900568125 0.29454545468750004 0.82900568125 0.32 0.8071875000000001 0.34181818124999996 0.7635511359375 0.3454545453125 0.7053693187500001 0.3345454546875 0.66536931875 0.29454545468750004 0.618096590625 0.27272727343750003 0.6108238640625 0.24363636406250003 0.6108238640625 0.1927272734375 0.596278409375 0.1672727265625 0.6035511359375 0.12 0.6435511359375 0.10181818125 0.6944602265625 0.09818181875000001 0.7235511359375 0.11636363593750002 0.7817329546875 0.14181818125 0.8035511359375 0.17090909062499998 0.8035511359375
0 0 0.596278409375 0.0072727265625 0.6071875 0.069090909375 0.6399147734375 0.10545454531250001 0.6508238640624999 0.1454545453125 0.6108238640625 0.1745454546875 0.5926420453125 0.1563636359375 0.5126420453125 0.16363636406249998 0.44718749999999996 0.130909090625 0.436278409375 0.069090909375 0.4399147734375 0.0436363640625 0.45082386406249997 0.0072727265625 0.4871875 0 0.498096590625 0 0.596278409375
0 0 0.3417329546875 0.0072727265625 0.34900568125000003 0.029090909375 0.356278409375 0.050909090625 0.356278409375 0.11636363593750002 0.3271875 0.13818181875 0.3017329546875 0.1454545453125 0.27627840937500003 0.130909090625 0.2399147734375 0.10909090937499999 0.21446022656250002 0.07272727343749999 0.18536931875 0.050909090625 0.1744602265625 0.018181818750000002 0.1744602265625 0 0.1817329546875 0 0.3417329546875
0 0.62181818125 0.82900568125 0.8363636359375001 0.82536931875 0.8436363640625 0.7780965906249999 0.8290909093750001 0.7235511359375 0.8 0.6908238640625 0.7563636359375 0.66900568125 0.7127272734375001 0.66536931875 0.6727272734375 0.676278409375 0.6254545453125 0.7126420453125 0.6072727265625 0.738096590625 0.6036363640625 0.7635511359375 0.6145454546875 0.78900568125 0.6145454546875 0.8217329546875 0.62181818125 0.82900568125
0 0.5927272734375 0.7526420453125 0.5563636359374999 0.7199147734375 0.49818181875 0.698096590625 0.43636363593749994 0.698096590625 0.41454545468750004 0.7090056812500001 0.389090909375 0.7344602265625 0.3563636359375 0.8035511359375 0.349090909375 0.82900568125 0.6072727265625 0.82900568125 0.6072727265625 0.7817329546875 0.5927272734375 0.7526420453125
0 0.8545454546875 0.78900568125 0.8763636359375001 0.78900568125 0.9272727265625 0.7708238640625 0.9454545453125001 0.7526420453125 0.9563636359375 0.7308238640625 0.9563636359375 0.7126420453125 0.9345454546875 0.66536931875 0.90181818125 0.6326420453125 0.8145454546875 0.62536931875 0.789090909375 0.6326420453125 0.78181818125 0.6435511359375 0.77818181875 0.6726420453124999 0.8036363640624999 0.6871875000000001 0.8290909093750001 0.716278409375 0.8545454546875 0.78900568125
0 0.6618181812499999 0.218096590625 0.6799999999999999 0.2399147734375 0.73818181875 0.2544602265625 0.7672727265625 0.28718750000000004 0.7927272734375 0.2835511359375 0.81818181875 0.2908238640625 0.81818181875 0.31991477343749997 0.789090909375 0.338096590625 0.789090909375 0.3635511359375 0.7963636359375 0.3708238640625 0.8363636359375001 0.34900568125000003 0.85818181875 0.3271875 0.8654545453125 0.30900568125 0.8654545453125 0.26536931875 0.85818181875 0.2435511359375 0.8436363640625 0.218096590625 0.7927272734375 0.1744602265625 0.7745454546875 0.1671875 0.6945454546875001 0.1671875 0.6654545453125 0.20355113593750002 0.6618181812499999 0.218096590625
0 0.9563636359375 0.42536931874999995 0.9781818187500001 0.43264204531250006 0.9963636359375 0.43264204531250006 0.9963636359375 0.2508238640625 0.989090909375 0.24718749999999998 0.9563636359375 0.24718749999999998 0.9236363640624999 0.26536931875 0.90181818125 0.28718750000000004 0.8945454546875 0.3017329546875 0.8872727265625 0.31991477343749997 0.8872727265625 0.34536931875 0.89818181875 0.3744602265625 0.9563636359375 0.42536931874999995