0 0.38741721875 0.696947434375 0.413907284375 0.706881209375 0.46026490000000003 0.70356995 0.5463576156250001 0.6704573671875 0.576158940625 0.647278559375 0.5894039734375001 0.61085471875 0.5894039734375001 0.57111961875 0.5695364234375 0.5280732609375 0.529801325 0.494960678125 0.49006622499999997 0.48171564531250005 0.46026490000000003 0.48171564531250005 0.40066225156249996 0.534695778125 0.34768211875 0.5611858437499999 0.33774834375 0.59098716875 0.341059603125 0.6439673015625 0.3543046359375 0.6704573671875 0.38741721875 0.696947434375
0 0.321192053125 0.5479408109375 0.36754966875 0.5479408109375 0.39735099375 0.5313845203125 0.453642384375 0.4850269046875 0.46688741718750004 0.451914321875 0.46688741718750004 0.40886796406250003 0.44039735156250004 0.3591990890625 0.39735099375 0.3227752484375 0.35761589374999997 0.309530215625 0.311258278125 0.30621895625 0.2748344375 0.31946399062499997 0.24834437031249998 0.34595405625 0.21854304687499998 0.3989341890625 0.2152317875 0.45853683749999996 0.23178807968749998 0.4916494203125 0.2748344375 0.5280732609375 0.321192053125 0.5479408109375
0 0.46688741718750004 0.402245446875 0.47019867499999995 0.47509312968749995 0.5331125828125 0.4916494203125 0.5662251656249999 0.5148282281250001 0.5794701984375 0.5115169703125 0.6092715234375 0.4850269046875 0.6291390734375 0.43204677187499996 0.6258278140625 0.36251034843749996 0.61258278125 0.3327090234375 0.5794701984375 0.2962851828125 0.4966887421875 0.259861340625 0.453642384375 0.2631726 0.39735099375 0.2962851828125 0.38741721875 0.31615273125 0.42052980156249997 0.33602028125 0.4470198671875 0.36251034843749996 0.46688741718750004 0.402245446875
0 0.7152317874999999 0.382377896875 0.7549668875 0.382377896875 0.8013245031249999 0.36582160625000004 0.85761589375 0.31615273125 0.8774834437499999 0.26979511562499997 0.8741721859375 0.2234375 0.61258278125 0.22674875781249998 0.6092715234375 0.2863514078125 0.6192052984374999 0.31615273125 0.6655629140625 0.36251034843749996 0.7152317874999999 0.382377896875
0 0.2152317875 0.61085471875 0.23178807968749998 0.627411009375 0.2748344375 0.63072226875 0.331125828125 0.627411009375 0.341059603125 0.5578745859375001 0.2947019875 0.5413182953125 0.2516556296875 0.5148282281250001 0.22516556250000003 0.4883381625 0.21192052968750003 0.451914321875 0.1953642390625 0.4684706125 0.1854304640625 0.49827193750000004 0.1854304640625 0.5280732609375 0.1953642390625 0.5678083609375 0.2152317875 0.61085471875
2 0.5177615890625 0.5550666390625 0.52528476875 0.545030215625 0.5177615890625 0.534493790625 0.52478476875 0.5279739234374999 0.52528476875 0.5179375 0.5192649 0.5074043875 0.50421523125 0.5053977656249999 0.487658940625 0.5174375 0.48113576093750005 0.5164341890624999 0.460566225 0.52245405625 0.461066225 0.5395136593750001 0.46508278125 0.5435269046875 0.49167218593750006 0.5485434609375 0.4966887421875 0.5490434609375 0.5052185437500001 0.5575732609374999 0.5177615890625 0.5550666390625
2 0.45905960312499994 0.6157719375 0.45956291406250005 0.5936957781250001 0.454043046875 0.59168915625 0.452539734375 0.59068584375 0.4324701984375 0.5896825328124999 0.42645033125 0.61125538125 0.4420033109375 0.62078849375 0.45905960312499994 0.6157719375
2 0.43548013281250003 0.3990335265625 0.432973509375 0.38548716875 0.4259470203125 0.3714408109375 0.40387417187499997 0.3744507453125 0.39333774843749997 0.389503725 0.3913311265625 0.4010401484375 0.38380463593749997 0.4105732609375 0.36825165625 0.42261630781250004 0.369758278125 0.44218253281250003 0.37678145625 0.45171233437499997 0.4003609265625 0.44468915625000005 0.41892384062500004 0.4246229296875 0.42344039687499996 0.429136175 0.43598344375 0.4130831953125 0.43548013281250003 0.3990335265625
2 0.4134039734375 0.3443480953125 0.4113973515625 0.33682160625 0.3903278140625 0.32929842656249997 0.37326821250000003 0.338828228125 0.37477483437500003 0.3453514078125 0.38531125781250003 0.3493646515625 0.3923344375 0.3548845203125 0.3998609265625 0.3548845203125 0.4134039734375 0.3443480953125
2 0.335642384375 0.3443480953125 0.30904966875 0.3518745859375 0.2950033109375 0.3664242546875 0.306543046875 0.382980546875 0.3205894046875 0.3859904796875 0.34166225156249996 0.37545405625 0.345675496875 0.363914321875 0.3466788078125 0.3614076984375 0.3451721859375 0.3523745859375 0.335642384375 0.3443480953125
2 0.49769205312500003 0.27410968593749996 0.48514900625 0.270096440625 0.4766192046875 0.270096440625 0.45604966874999997 0.294679221875 0.461066225 0.2956825328125 0.493175496875 0.2956825328125 0.499198675 0.29618584375 0.5032119203125001 0.2856494203125 0.49769205312500003 0.27410968593749996
2 0.611076159375 0.3649176328125 0.6085695359375001 0.350871275 0.5980331125 0.343344784375 0.5874966890625 0.3438480953125 0.584990065625 0.3468580296875 0.584990065625 0.3664242546875 0.59301655625 0.37545405625 0.6000397343749999 0.3789673015625 0.611076159375 0.3649176328125
4 0.7846688734375 0.3197653140625 0.7851688734375 0.314245446875 0.7836655625 0.3077255796875 0.7761390734375 0.3037090234375 0.7711225171875 0.3032090234375 0.7625927156250001 0.3182586921875 0.7645993375 0.3277918046875 0.772625828125 0.328795115625 0.7846688734375 0.3197653140625