0 0.8166666671874999 0.7769791671874999 0.8333333328125001 0.7669791671875 0.8733333328124999 0.7636458328125 0.8800000000000001 0.7536458328125 0.8766666671875001 0.6903125 0.8566666671875 0.6503125 0.8366666671875 0.6269791671875 0.8066666671875 0.6103125 0.7433333328125 0.6069791671875 0.71 0.6203125 0.6799999999999999 0.6469791671875 0.6599999999999999 0.6903125 0.6566666671875 0.7303124999999999 0.6666666671875 0.7503124999999999 0.67 0.7769791671874999 0.8166666671874999 0.7769791671874999
0 0.1233333328125 0.6569791671874999 0.19 0.6903125 0.2066666671875 0.6903125 0.25 0.6703125 0.2733333328125 0.6469791671875 0.3166666671875 0.5769791671875 0.32 0.5436458328125 0.3066666671875 0.5236458328125 0.2733333328125 0.4969791671875 0.2533333328125 0.49031250000000004 0.2 0.49031250000000004 0.16 0.5003124999999999 0.1233333328125 0.5203125 0.10333333281249998 0.5436458328125 0.0933333328125 0.5669791671875 0.09 0.6136458328125001 0.0966666671875 0.6403125000000001 0.11333333281249999 0.6569791671874999 0.1233333328125 0.6569791671874999
0 0 0.7769791671874999 0.24666666718750002 0.7769791671874999 0.24333333281249997 0.7569791671874999 0.2266666671875 0.7303124999999999 0.19 0.6936458328125 0.15 0.6703125 0.12 0.6603125000000001 0.0633333328125 0.6603125000000001 0.0233333328125 0.6769791671875 0.0066666671875 0.6903125 0 0.6969791671875 0 0.7769791671874999
0 0 0.4103125 0.0266666671875 0.4136458328125 0.06 0.42697916718749995 0.08 0.4536458328125 0.0966666671875 0.4536458328125 0.1366666671875 0.4136458328125 0.1433333328125 0.40031249999999996 0.14666666718750002 0.3703125 0.1533333328125 0.3603125 0.14666666718750002 0.3436458328125 0.13 0.3303125 0.11333333281249999 0.29031250000000003 0.09 0.2703125 0.0666666671875 0.2603125 0.0233333328125 0.2603125 0.0033333328125 0.26697916718750003 0 0.2703125 0 0.4103125
0 0.29 0.5036458328125 0.3266666671875 0.5436458328125 0.36 0.5403125 0.37333333281250003 0.5103125000000001 0.3933333328125 0.4936458328125 0.39 0.4603125 0.37 0.4169791671875 0.3566666671875 0.40031249999999996 0.32999999999999996 0.3903125 0.25 0.3903125 0.2166666671875 0.3969791671875 0.1833333328125 0.4236458328125 0.1633333328125 0.4569791671875 0.1566666671875 0.4969791671875 0.1933333328125 0.4869791671875 0.26 0.4869791671875 0.29 0.5036458328125
0 0.4966666671875 0.2736458328125 0.51 0.29031250000000003 0.5166666671875 0.2936458328125 0.5733333328125 0.29031250000000003 0.5900000000000001 0.27697916718750004 0.6166666671875001 0.26697916718750003 0.6633333328125001 0.2636458328125 0.6866666671874999 0.26697916718750003 0.6933333328125 0.2569791671875 0.6933333328125 0.2303125 0.6966666671875 0.22697916718750002 0.6933333328125 0.2203125 0.49000000000000005 0.2203125 0.49000000000000005 0.2469791671875 0.4966666671875 0.2736458328125
0 0.5366666671875 0.4203125 0.5700000000000001 0.4736458328125 0.6566666671875 0.5136458328125 0.7066666671874999 0.5169791671875 0.7366666671875 0.5069791671874999 0.7766666671875 0.4603125 0.7866666671875 0.42697916718749995 0.7833333328125 0.3903125 0.7566666671875 0.3369791671875 0.7233333328125 0.32697916718750003 0.7266666671875 0.2936458328125 0.71 0.2803125 0.6766666671875 0.26697916718750003 0.6166666671875001 0.2703125 0.5766666671875 0.29031250000000003 0.5900000000000001 0.3036458328125 0.5833333328125 0.3169791671875 0.5533333328125 0.3336458328125 0.5333333328125 0.3336458328125 0.5333333328125 0.3536458328125 0.5433333328125001 0.3536458328125 0.53 0.3869791671875 0.5366666671875 0.4203125
0 0.41 0.4736458328125 0.4533333328125 0.4536458328125 0.48666666718749996 0.46364583281250005 0.5066666671875 0.4869791671875 0.5266666671875 0.4769791671875 0.53 0.46364583281250005 0.5233333328125 0.4503125 0.5166666671875 0.44697916718749997 0.5166666671875 0.4303125 0.5333333328125 0.4203125 0.53 0.40031249999999996 0.5233333328125 0.3869791671875 0.51 0.3869791671875 0.5 0.3803125 0.5 0.3536458328125 0.52 0.3436458328125 0.5233333328125 0.3403125 0.52 0.3336458328125 0.5133333328125 0.3303125 0.47000000000000003 0.3336458328125 0.45999999999999996 0.32697916718750003 0.4566666671875 0.3103125 0.45 0.3103125 0.4266666671875 0.3336458328125 0.3933333328125 0.3336458328125 0.3866666671875 0.3403125 0.4 0.3469791671875 0.3933333328125 0.3836458328125 0.37333333281250003 0.3869791671875 0.37 0.40031249999999996 0.37333333281250003 0.4136458328125 0.3966666671875 0.4603125 0.41 0.4736458328125
0 0 0.6469791671875 0.0233333328125 0.6403125000000001 0.06999999999999999 0.6036458328125 0.0933333328125 0.5469791671875 0.0966666671875 0.5136458328125 0.09 0.4803125 0.06999999999999999 0.44697916718749997 0.0466666671875 0.42697916718749995 0.01 0.4136458328125 0 0.4136458328125 0 0.6469791671875
0 0.1433333328125 0.32697916718750003 0.14666666718750002 0.3403125 0.1566666671875 0.35031249999999997 0.1766666671875 0.3469791671875 0.19 0.3769791671875 0.1966666671875 0.3803125 0.2066666671875 0.3803125 0.24666666718750002 0.3469791671875 0.2733333328125 0.35031249999999997 0.2966666671875 0.3436458328125 0.35 0.3436458328125 0.38333333281250004 0.29031250000000003 0.38333333281250004 0.2203125 0.1233333328125 0.2236458328125 0.1233333328125 0.2936458328125 0.1433333328125 0.3003125 0.1533333328125 0.3236458328125 0.1433333328125 0.32697916718750003
0 0.6133333328125 0.7769791671874999 0.6133333328125 0.7669791671875 0.5933333328125 0.7303124999999999 0.5733333328125 0.7136458328125 0.55 0.7036458328124999 0.5366666671875 0.6936458328125 0.49000000000000005 0.6936458328125 0.45999999999999996 0.7036458328124999 0.4533333328125 0.7103125 0.45 0.7403125 0.4566666671875 0.7569791671874999 0.4566666671875 0.7769791671874999 0.6133333328125 0.7769791671874999
3 0.6133333328125 0.7769791671874999 0.6133333328125 0.7669791671875 0.5933333328125 0.7303124999999999 0.5733333328125 0.7136458328125 0.5366666671875 0.6936458328125 0.49000000000000005 0.6936458328125 0.46666666718750005 0.7003125 0.4533333328125 0.7103125 0.45 0.7403125 0.4566666671875 0.7569791671874999 0.4566666671875 0.7769791671874999 0.6133333328125 0.7769791671874999
3 0.3633333328125 0.6069791671875 0.38 0.6136458328125001 0.4766666671875 0.6103125 0.4933333328125 0.6036458328125 0.5033333328125 0.5836458328125 0.5033333328125 0.5636458328125 0.51 0.5536458328125 0.5133333328125 0.5336458328125 0.5066666671875 0.5003124999999999 0.4966666671875 0.4803125 0.4766666671875 0.4603125 0.45999999999999996 0.4569791671875 0.4166666671875 0.4769791671875 0.37666666718749997 0.5103125000000001 0.36666666718749996 0.5369791671875 0.3266666671875 0.5603125 0.3233333328125 0.5836458328125 0.3333333328125 0.5903125 0.3433333328125 0.6069791671875 0.3633333328125 0.6069791671875
0 0.3633333328125 0.6069791671875 0.38 0.6136458328125001 0.4766666671875 0.6103125 0.4933333328125 0.6036458328125 0.5033333328125 0.5836458328125 0.5033333328125 0.5636458328125 0.51 0.5536458328125 0.5133333328125 0.5336458328125 0.5066666671875 0.5003124999999999 0.4966666671875 0.4803125 0.4766666671875 0.4603125 0.45999999999999996 0.4569791671875 0.4166666671875 0.4769791671875 0.37666666718749997 0.5103125000000001 0.36666666718749996 0.5369791671875 0.3266666671875 0.5603125 0.3233333328125 0.5836458328125 0.3333333328125 0.5903125 0.3433333328125 0.6069791671875 0.3633333328125 0.6069791671875
3 0 0.6469791671875 0.0233333328125 0.6403125000000001 0.06999999999999999 0.6036458328125 0.0933333328125 0.5469791671875 0.0966666671875 0.5103125000000001 0.09 0.4803125 0.0666666671875 0.44364583281250003 0.0466666671875 0.42697916718749995 0.01 0.4136458328125 0 0.4136458328125 0 0.6469791671875
3 0.1433333328125 0.32697916718750003 0.1433333328125 0.3336458328125 0.1533333328125 0.3469791671875 0.1766666671875 0.3469791671875 0.1966666671875 0.3803125 0.2033333328125 0.3803125 0.23333333281250002 0.3469791671875 0.27 0.35031249999999997 0.29333333281249996 0.3436458328125 0.35 0.3436458328125 0.38333333281250004 0.29031250000000003 0.38 0.2203125 0.1233333328125 0.2236458328125 0.1233333328125 0.2936458328125 0.1433333328125 0.3003125 0.1533333328125 0.3236458328125 0.1433333328125 0.32697916718750003