0 0.828070175 0.6452028515625 0.8245614031249999 0.6487116234375 0.8245614031249999 0.6592379390625001 0.828070175 0.6627467109375 0.8561403515625001 0.6627467109375 0.8736842109375 0.6557291671875001 0.8736842109375 0.6522203953125 0.8842105265625 0.6416940796875 0.8877192984375 0.6346765343749999 0.8877192984375 0.62415021875 0.8912280703125001 0.620641446875 0.8912280703125001 0.592571271875 0.8842105265625 0.5750274125 0.8736842109375 0.564501096875 0.8596491234375 0.557483553125 0.8 0.560992325 0.7929824562500001 0.564501096875 0.789473684375 0.571518640625 0.810526315625 0.578536184375 0.828070175 0.627658990625 0.828070175 0.6452028515625
0 0.7333333328125 0.6873081140624999 0.771929825 0.6873081140624999 0.775438596875 0.6837993421874999 0.8 0.6802905703125 0.817543859375 0.6662554828125 0.8245614031249999 0.6487116234375 0.8245614031249999 0.6101151312499999 0.8140350875 0.5855537281250001 0.789473684375 0.5750274125 0.768421053125 0.571518640625 0.7228070171875001 0.5750274125 0.7052631578125 0.5820449562500001 0.6982456140625 0.5890625 0.6947368421875 0.6487116234375 0.7017543859375001 0.6662554828125 0.7157894734375 0.6802905703125 0.7333333328125 0.6873081140624999
0 0.6526315796875 0.560992325 0.6842105265625 0.578536184375 0.7192982453125001 0.564501096875 0.7333333328125 0.550466009375 0.7368421046875 0.543448465625 0.7368421046875 0.5118695171875001 0.7333333328125 0.5013432015625 0.7157894734375 0.4837993421875 0.6912280703125 0.47327302656250003 0.6526315796875 0.47327302656250003 0.631578946875 0.49081688593750006 0.624561403125 0.5118695171875001 0.624561403125 0.53993969375 0.6421052625 0.560992325 0.6526315796875 0.560992325
0 0.617543859375 0.6101151312499999 0.62105263125 0.6662554828125 0.624561403125 0.6697642546875 0.63508771875 0.6697642546875 0.638596490625 0.6732730265625 0.6666666671875 0.6732730265625 0.6807017546874999 0.6662554828125 0.6912280703125 0.6522203953125 0.6947368421875 0.6136239031249999 0.6947368421875 0.599588815625 0.6912280703125 0.592571271875 0.6701754390625 0.571518640625 0.6631578953124999 0.56800986875 0.6526315796875 0.56800986875 0.6491228062500001 0.564501096875 0.631578946875 0.564501096875 0.6140350875 0.571518640625 0.610526315625 0.578536184375 0.6 0.5855537281250001 0.6 0.599588815625 0.617543859375 0.6101151312499999
0 0.5228070171875 0.599588815625 0.5894736843749999 0.59608004375 0.59298245625 0.592571271875 0.596491228125 0.5820449562500001 0.596491228125 0.564501096875 0.59298245625 0.557483553125 0.5859649124999999 0.550466009375 0.582456140625 0.550466009375 0.561403509375 0.5259046046875 0.5543859656250001 0.5223958328125 0.5403508765625 0.5223958328125 0.5298245609375 0.5259046046875 0.5157894734374999 0.5364309203125 0.5122807015624999 0.5364309203125 0.5017543859375 0.5469572375 0.49824561406249995 0.55397478125 0.49824561406249995 0.571518640625 0.5017543859375 0.578536184375 0.5228070171875 0.599588815625
0 0.4771929828125 0.550466009375 0.4842105265625 0.55397478125 0.49473684218749997 0.55397478125 0.5122807015624999 0.5329221484375 0.5368421046875 0.5188870609375 0.55087719375 0.5188870609375 0.5543859656250001 0.5223958328125 0.561403509375 0.5223958328125 0.561403509375 0.49432565781250004 0.5578947375000001 0.49081688593750006 0.5578947375000001 0.4767817984375 0.5473684203125 0.46625548281249996 0.5192982453125 0.45222039531249997 0.4912280703125 0.45222039531249997 0.4526315796875 0.49081688593750006 0.4526315796875 0.5013432015625 0.44912280625 0.5048519734375 0.4526315796875 0.5259046046875 0.4771929828125 0.550466009375
0 0.5228070171875 0.6908168859375 0.5368421046875 0.6908168859375 0.5403508765625 0.6943256578125 0.571929825 0.6943256578125 0.575438596875 0.6908168859375 0.59298245625 0.6908168859375 0.610526315625 0.6767817984375 0.617543859375 0.6627467109375 0.62105263125 0.62415021875 0.6140350875 0.6101151312499999 0.59298245625 0.599588815625 0.55087719375 0.59608004375 0.5228070171875 0.6030975875 0.5122807015624999 0.6101151312499999 0.5052631578125 0.627658990625 0.5052631578125 0.6662554828125 0.5122807015624999 0.6802905703125 0.5228070171875 0.6908168859375
0 0.4526315796875 0.6802905703125 0.4807017546875 0.6802905703125 0.4912280703125 0.6767817984375 0.5017543859375 0.6662554828125 0.5052631578125 0.620641446875 0.5122807015624999 0.606606359375 0.5157894734374999 0.606606359375 0.5157894734374999 0.599588815625 0.4912280703125 0.571518640625 0.4807017546875 0.56800986875 0.46666666718750005 0.56800986875 0.4561403515625 0.571518640625 0.438596490625 0.578536184375 0.417543859375 0.599588815625 0.410526315625 0.627658990625 0.42807017500000005 0.6662554828125 0.43508771875 0.6732730265625 0.4526315796875 0.6802905703125
0 0.3473684203125 0.5083607453125001 0.3473684203125 0.5364309203125 0.354385965625 0.55397478125 0.361403509375 0.560992325 0.382456140625 0.560992325 0.40701754375 0.543448465625 0.42807017500000005 0.5223958328125 0.43157894687500004 0.5118695171875001 0.43157894687500004 0.4978344296875 0.42807017500000005 0.48730811406249996 0.42456140312499996 0.4802905703125 0.403508771875 0.4592379390625 0.389473684375 0.45222039531249997 0.36491228124999997 0.45222039531249997 0.3578947375 0.4592379390625 0.354385965625 0.4592379390625 0.3473684203125 0.4767817984375 0.3473684203125 0.48730811406249996 0.3438596484375 0.49081688593750006 0.3438596484375 0.5048519734375 0.3473684203125 0.5083607453125001
0 0.4 0.62415021875 0.40701754375 0.62415021875 0.410526315625 0.606606359375 0.42807017500000005 0.5820449562500001 0.4771929828125 0.564501096875 0.4736842109375 0.550466009375 0.4596491234375 0.5364309203125 0.44561403437499997 0.5294133765625 0.42807017500000005 0.5294133765625 0.417543859375 0.53993969375 0.4140350875 0.53993969375 0.3859649125 0.560992325 0.37894736875 0.5750274125 0.37894736875 0.592571271875 0.3859649125 0.6101151312499999 0.4 0.62415021875
0 0.43157894687500004 0.49432565781250004 0.4421052625 0.49432565781250004 0.44912280625 0.49081688593750006 0.4807017546875 0.4592379390625 0.4842105265625 0.45222039531249997 0.4807017546875 0.43818530625 0.46666666718750005 0.42415021875000003 0.4526315796875 0.41713267500000006 0.43508771875 0.41713267500000006 0.410526315625 0.427658990625 0.39649122812500004 0.4416940796875 0.39649122812500004 0.4487116234375 0.42105263125 0.46976425468749994 0.43157894687500004 0.49432565781250004
0 0.5017543859375 0.4487116234375 0.5368421046875 0.4592379390625 0.55087719375 0.4592379390625 0.561403509375 0.4487116234375 0.561403509375 0.43818530625 0.56491228125 0.434676534375 0.56491228125 0.41362390312499997 0.5578947375000001 0.406606359375 0.5543859656250001 0.39608004375 0.5157894734374999 0.37853618437500003 0.5052631578125 0.37853618437500003 0.5017543859375 0.3750274125 0.4842105265625 0.3750274125 0.4736842109375 0.37853618437500003 0.4561403515625 0.39608004375 0.4526315796875 0.4030975875 0.44912280625 0.41362390312499997 0.46666666718750005 0.42064144687500005 0.4912280703125 0.4487116234375 0.5017543859375 0.4487116234375
0 0.56491228125 0.5118695171875001 0.568421053125 0.5223958328125 0.571929825 0.5259046046875 0.596491228125 0.5259046046875 0.6070175437499999 0.5329221484375 0.617543859375 0.5329221484375 0.62105263125 0.5259046046875 0.62105263125 0.5153782890625 0.624561403125 0.5118695171875001 0.624561403125 0.5013432015625 0.63508771875 0.4837993421875 0.631578946875 0.47327302656250003 0.617543859375 0.46274671093749997 0.59298245625 0.45222039531249997 0.575438596875 0.45222039531249997 0.568421053125 0.4592379390625 0.561403509375 0.47327302656250003 0.561403509375 0.49081688593750006 0.56491228125 0.49432565781250004 0.56491228125 0.5118695171875001
0 0.631578946875 0.564501096875 0.63508771875 0.560992325 0.63508771875 0.557483553125 0.6140350875 0.5364309203125 0.6 0.5294133765625 0.571929825 0.5294133765625 0.568421053125 0.5329221484375 0.6 0.5750274125 0.62105263125 0.564501096875 0.631578946875 0.564501096875