0 0 0.7154088046875 0.0440251578125 0.7154088046875 0.10377358437499999 0.690251571875 0.1163522015625 0.67767295625 0.1257861640625 0.6525157234375001 0.122641509375 0.599056603125 0.10062893125000001 0.5738993703124999 0.069182390625 0.5518867921874999 0.0471698109375 0.545597484375 0.022012578125 0.545597484375 0.0031446546875000003 0.555031446875 0 0.5581761000000001 0 0.7154088046875
0 0.405660378125 0.5487421390625 0.440251571875 0.5581761000000001 0.47484276718749996 0.5581761000000001 0.4968553453125 0.545597484375 0.5125786156250001 0.526729559375 0.531446540625 0.52358490625 0.540880503125 0.5110062890625 0.5251572328125 0.435534590625 0.5251572328125 0.41037735781249995 0.5125786156250001 0.39465408750000003 0.468553459375 0.3757861640625 0.41823899375 0.36949685468750004 0.3836477984375 0.382075471875 0.3616352203125 0.3977987421875 0.34905660312500003 0.422955975 0.34591194999999997 0.4701257859375 0.3522012578125 0.49528301875 0.367924528125 0.5204402515625 0.405660378125 0.5487421390625
0 0.3333333328125 0.5801886796875 0.3710691828125 0.5613207546875 0.386792453125 0.545597484375 0.3616352203125 0.517295596875 0.3427672953125 0.47641509375 0.3427672953125 0.435534590625 0.35534591249999997 0.40094339687499997 0.34905660312500003 0.39150943437499997 0.327044025 0.38522012656250004 0.26729559687500004 0.41037735781249995 0.24528301875 0.454402515625 0.24213836406250003 0.4701257859375 0.2484276734375 0.50471698125 0.29874213906249997 0.5707547171875 0.3333333328125 0.5801886796875
0 0.38993710625 0.382075471875 0.430817609375 0.3663522015625 0.440251571875 0.372641509375 0.47169811250000004 0.372641509375 0.4968553453125 0.38522012656250004 0.518867925 0.382075471875 0.5251572328125 0.3789308171875 0.5283018875 0.36949685468750004 0.5283018875 0.3380503140625 0.5157232703125 0.309748428125 0.5 0.2940251578125 0.47169811250000004 0.27830188749999996 0.44339622656250005 0.27830188749999996 0.41194968593750003 0.2877358484375 0.3930817609375 0.30345911875 0.3836477984375 0.33176100625 0.3836477984375 0.353773584375 0.377358490625 0.36949685468750004 0.38050314531249996 0.382075471875 0.38993710625 0.382075471875
0 0.569182390625 0.27830188749999996 0.5849056609375001 0.2940251578125 0.6069182390625001 0.2971698109375 0.622641509375 0.3066037734375 0.6352201265625 0.32232704375 0.6635220125 0.3286163515625 0.6918238999999999 0.319182390625 0.7106918234374999 0.30345911875 0.723270440625 0.2845911953125 0.732704403125 0.25 0.56289308125 0.25 0.56289308125 0.2657232703125 0.569182390625 0.27830188749999996
0 0.594339621875 0.5110062890625 0.6666666671875 0.5110062890625 0.704402515625 0.48270440312499996 0.723270440625 0.454402515625 0.723270440625 0.40094339687499997 0.7106918234374999 0.3757861640625 0.6761006296875001 0.3474842765625 0.641509434375 0.34119496875 0.622641509375 0.372641509375 0.6037735843750001 0.382075471875 0.58176100625 0.36949685468750004 0.569182390625 0.35062893125 0.5471698109375 0.372641509375 0.540880503125 0.3883647796875 0.5377358484375 0.4386792453125 0.5471698109375 0.473270440625 0.5660377359375001 0.49528301875 0.594339621875 0.5110062890625
0 0.74528301875 0.4512578609375 0.767295596875 0.4512578609375 0.8113207546875 0.463836478125 0.8238993703125 0.473270440625 0.8333333328125001 0.473270440625 0.8427672953125 0.4606918234375 0.8553459125 0.42924528281249996 0.8553459125 0.39465408750000003 0.8522012578125 0.39150943437499997 0.8522012578125 0.382075471875 0.8081761000000001 0.35062893125 0.7610062890625 0.35062893125 0.74528301875 0.3569182390625 0.7295597484375 0.36949685468750004 0.7295597484375 0.3789308171875 0.72641509375 0.382075471875 0.7295597484375 0.4386792453125 0.74528301875 0.4512578609375
0 0.6886792453125 0.59591195 0.7106918234374999 0.6210691828125 0.73584905625 0.6336477984375 0.795597484375 0.636792453125 0.8144654093750001 0.627358490625 0.84591195 0.599056603125 0.8647798734375 0.564465409375 0.8647798734375 0.52358490625 0.8522012578125 0.5015723265625 0.8364779875 0.48270440312499996 0.7924528296875 0.45754717031250003 0.76415094375 0.454402515625 0.72641509375 0.463836478125 0.6823899375 0.5110062890625 0.6792452828125 0.536163521875 0.6823899375 0.5613207546875 0.6886792453125 0.5707547171875 0.6886792453125 0.59591195
0 0.8050314468750001 0.636792453125 0.8050314468750001 0.6430817609374999 0.849056603125 0.6650943390624999 0.8805031453125001 0.655660378125 0.9213836484375 0.6336477984375 0.9433962265625 0.6116352203125001 0.9528301890625 0.5896226421875 0.9528301890625 0.555031446875 0.93710691875 0.52358490625 0.9213836484375 0.5078616359375 0.8867924531250001 0.48899371093750005 0.8616352203125001 0.48899371093750005 0.8553459125 0.49528301875 0.8679245281249999 0.52358490625 0.8679245281249999 0.564465409375 0.8522012578125 0.59591195 0.8050314468750001 0.636792453125
0 0.6572327046875001 0.718553459375 0.6572327046875001 0.727987421875 0.672955975 0.7468553453125 0.7893081765625001 0.7468553453125 0.8018867921874999 0.727987421875 0.8018867921874999 0.7122641515625 0.8081761000000001 0.699685534375 0.8427672953125 0.69654088125 0.8427672953125 0.68710691875 0.8333333328125001 0.66823899375 0.8144654093750001 0.6525157234375001 0.795597484375 0.6525157234375001 0.786163521875 0.63993710625 0.72641509375 0.6336477984375 0.7075471703125 0.627358490625 0.6981132078125001 0.627358490625 0.6886792453125 0.636792453125 0.6918238999999999 0.63993710625 0.6886792453125 0.6650943390624999 0.6666666671875 0.709119496875 0.6572327046875001 0.718553459375
0 0.531446540625 0.731132075 0.559748428125 0.7374213843749999 0.6006289312499999 0.7374213843749999 0.6383647796874999 0.727987421875 0.6635220125 0.7059748421875 0.685534590625 0.6745283015625 0.685534590625 0.6525157234375001 0.6635220125 0.5864779875 0.632075471875 0.555031446875 0.5849056609375001 0.536163521875 0.56289308125 0.5330188671875 0.5125786156250001 0.555031446875 0.487421384375 0.5833333328125 0.47484276718749996 0.6210691828125 0.47169811250000004 0.66823899375 0.481132075 0.6933962265625 0.5094339625 0.7216981125 0.531446540625 0.731132075
0 0.44968553437500003 0.7342767296875 0.4905660375 0.727987421875 0.5 0.7216981125 0.468553459375 0.636792453125 0.4842767296875 0.5864779875 0.47484276718749996 0.5707547171875 0.44654088124999997 0.5613207546875 0.4150943390625 0.564465409375 0.38993710625 0.5833333328125 0.377358490625 0.6053459125 0.3742138359375 0.6525157234375001 0.386792453125 0.6839622640624999 0.41194968593750003 0.7122641515625 0.44968553437500003 0.7342767296875