0 0.5820449562500001 0.6666666671875 0.59608004375 0.6596491234374999 0.606606359375 0.645614034375 0.592571271875 0.596491228125 0.5750274125 0.568421053125 0.5469572375 0.5473684203125 0.5118695171875001 0.5333333328125 0.46625548281249996 0.5368421046875 0.4487116234375 0.5473684203125 0.42064144687500005 0.57894736875 0.39257127187499996 0.631578946875 0.3890625 0.6666666671875 0.4030975875 0.7017543859375001 0.5364309203125 0.6807017546874999 0.5820449562500001 0.6666666671875
0 0.3223958328125 0.6982456140625 0.33993969375 0.6982456140625 0.36800986875 0.6701754390625 0.371518640625 0.62105263125 0.357483553125 0.59298245625 0.3223958328125 0.5543859656250001 0.3013432015625 0.5438596484375 0.2908168859375 0.5403508765625 0.24871162343750003 0.5438596484375 0.22064144687499998 0.561403509375 0.199588815625 0.5859649124999999 0.1890625 0.6070175437499999 0.1890625 0.645614034375 0.22415021875000002 0.6666666671875 0.3223958328125 0.6982456140625
0 0.27327302656249997 0.5368421046875 0.2978344296875 0.5368421046875 0.3153782890625 0.5473684203125 0.3259046046875 0.5473684203125 0.33993969375 0.5122807015624999 0.33993969375 0.4807017546875 0.3329221484375 0.4561403515625 0.31888706093749997 0.43157894687500004 0.27327302656249997 0.40701754375 0.2311677625 0.40701754375 0.199588815625 0.42105263125 0.1890625 0.42807017500000005 0.1890625 0.582456140625 0.21362390312500001 0.561403509375 0.27327302656249997 0.5368421046875
0 0.19608004375000002 0.417543859375 0.2311677625 0.403508771875 0.27327302656249997 0.403508771875 0.3118695171875 0.42105263125 0.3329221484375 0.4421052625 0.3364309203125 0.438596490625 0.3223958328125 0.4140350875 0.3223958328125 0.403508771875 0.31888706093749997 0.4 0.3223958328125 0.3473684203125 0.31888706093749997 0.34035087656249996 0.30485197343750003 0.3298245609375 0.29432565781250003 0.3298245609375 0.2908168859375 0.32631578906250003 0.2452028515625 0.32631578906250003 0.22064144687499998 0.3368421046875 0.19608004375000002 0.36491228124999997 0.19608004375000002 0.39298245625 0.192571271875 0.39649122812500004 0.192571271875 0.4140350875 0.19608004375000002 0.417543859375
0 0.364501096875 0.46315789531249996 0.39257127187499996 0.4842105265625 0.434676534375 0.4736842109375 0.4557291671875 0.46315789531249996 0.46976425468749994 0.438596490625 0.49432565781250004 0.410526315625 0.49081688593750006 0.354385965625 0.46976425468749994 0.3192982453125 0.4452028515625 0.3052631578125 0.399588815625 0.3052631578125 0.364501096875 0.3122807015625 0.3329221484375 0.32631578906250003 0.3259046046875 0.3368421046875 0.3223958328125 0.375438596875 0.3259046046875 0.410526315625 0.33993969375 0.43508771875 0.364501096875 0.46315789531249996
0 0.4978344296875 0.3578947375 0.5259046046875 0.3298245609375 0.560992325 0.3157894734375 0.578536184375 0.3157894734375 0.5820449562500001 0.3192982453125 0.592571271875 0.3087719296875 0.592571271875 0.2912280703125 0.59608004375 0.2877192984375 0.592571271875 0.2842105265625 0.592571271875 0.2701754390625 0.5820449562500001 0.24912280625 0.560992325 0.23157894687499997 0.53993969375 0.22105263125 0.5013432015625 0.22105263125 0.49432565781250004 0.224561403125 0.4767817984375 0.23508771875 0.4592379390625 0.2526315796875 0.45222039531249997 0.2666666671875 0.4487116234375 0.3017543859375 0.4592379390625 0.3052631578125 0.4837993421875 0.3298245609375 0.4978344296875 0.3578947375
0 0.5294133765625 0.4 0.571518640625 0.4 0.620641446875 0.42105263125 0.63818530625 0.4421052625 0.6487116234375 0.44912280625 0.6487116234375 0.43157894687500004 0.63818530625 0.375438596875 0.6311677625 0.354385965625 0.617132675 0.3333333328125 0.59608004375 0.3228070171875 0.550466009375 0.3228070171875 0.5259046046875 0.3333333328125 0.5118695171875001 0.3473684203125 0.5013432015625 0.36491228124999997 0.5013432015625 0.40701754375 0.5153782890625 0.40701754375 0.5294133765625 0.4
0 0.7118695171875 0.3368421046875 0.7118695171875 0.3438596484375 0.7294133765625 0.382456140625 0.743448465625 0.410526315625 0.7469572375 0.410526315625 0.785553728125 0.37894736875 0.806606359375 0.371929825 0.806606359375 0.24912280625 0.79608004375 0.24912280625 0.792571271875 0.245614034375 0.750466009375 0.245614034375 0.7153782890625 0.2526315796875 0.7083607453125 0.2596491234375 0.6908168859375 0.2596491234375 0.6978344296875 0.3192982453125 0.7118695171875 0.3368421046875
0 0.764501096875 0.44912280625 0.771518640625 0.4561403515625 0.79608004375 0.46666666718750005 0.806606359375 0.4771929828125 0.806606359375 0.375438596875 0.792571271875 0.37894736875 0.764501096875 0.39649122812500004 0.750466009375 0.4140350875 0.7469572375 0.42456140312499996 0.750466009375 0.42807017500000005 0.750466009375 0.4421052625 0.764501096875 0.44912280625
0 0.617132675 0.6280701750000001 0.63818530625 0.6280701750000001 0.6487116234375 0.617543859375 0.6662554828125 0.57894736875 0.6732730265625 0.571929825 0.6627467109375 0.4877192984375 0.6592379390625001 0.4842105265625 0.6557291671875001 0.46315789531249996 0.6522203953125 0.46315789531249996 0.6311677625 0.4842105265625 0.606606359375 0.5333333328125 0.606606359375 0.56491228125 0.6030975875 0.568421053125 0.606606359375 0.610526315625 0.617132675 0.6280701750000001
0 0.7785361843749999 0.5122807015624999 0.7890625 0.5228070171875 0.7890625 0.5263157890625 0.8030975874999999 0.5403508765625 0.806606359375 0.5403508765625 0.806606359375 0.4807017546875 0.79608004375 0.47017543906250003 0.785553728125 0.46666666718750005 0.7785361843749999 0.4596491234375 0.764501096875 0.4526315796875 0.75397478125 0.4526315796875 0.7574835531249999 0.4736842109375 0.7609923249999999 0.4736842109375 0.7785361843749999 0.5122807015624999
0 0.38204495625 0.6491228062500001 0.385553728125 0.6491228062500001 0.3890625 0.631578946875 0.399588815625 0.62105263125 0.399588815625 0.610526315625 0.42415021875000003 0.568421053125 0.4487116234375 0.5438596484375 0.46625548281249996 0.5333333328125 0.4557291671875 0.4877192984375 0.45222039531249997 0.4807017546875 0.4416940796875 0.4771929828125 0.41713267500000006 0.4807017546875 0.350466009375 0.5052631578125 0.3364309203125 0.5228070171875 0.3329221484375 0.5578947375000001 0.364501096875 0.5894736843749999 0.3750274125 0.610526315625 0.38204495625 0.6491228062500001
0 0.5294133765625 0.5333333328125 0.5750274125 0.561403509375 0.592571271875 0.5578947375000001 0.599588815625 0.55087719375 0.599588815625 0.5403508765625 0.62415021875 0.4877192984375 0.6487116234375 0.4596491234375 0.6311677625 0.43157894687500004 0.606606359375 0.40701754375 0.550466009375 0.39649122812500004 0.5048519734375 0.410526315625 0.46976425468749994 0.44561403437499997 0.46274671093749997 0.4596491234375 0.4592379390625 0.4877192984375 0.46274671093749997 0.5087719296875 0.47327302656250003 0.5298245609375 0.5294133765625 0.5333333328125
3 0.5294133765625 0.5333333328125 0.578536184375 0.561403509375 0.599588815625 0.55087719375 0.599588815625 0.5368421046875 0.6136239031249999 0.5052631578125 0.6452028515625 0.46315789531249996 0.6416940796875 0.44912280625 0.606606359375 0.410526315625 0.5820449562500001 0.403508771875 0.5329221484375 0.403508771875 0.5118695171875001 0.410526315625 0.4978344296875 0.417543859375 0.47327302656250003 0.4421052625 0.46274671093749997 0.4596491234375 0.4592379390625 0.4877192984375 0.46625548281249996 0.5192982453125 0.47327302656250003 0.5298245609375 0.5294133765625 0.5333333328125