0 0.2633333328125 0.6769791671875 0.2766666671875 0.6469791671875 0.27999999999999997 0.6003125 0.26 0.5736458328125 0.2366666671875 0.5636458328125 0.22999999999999998 0.5436458328125 0.25 0.5269791671874999 0.2533333328125 0.5103125000000001 0.2366666671875 0.5269791671874999 0.1933333328125 0.5536458328125 0.1666666671875 0.5436458328125 0.1433333328125 0.5436458328125 0.1233333328125 0.5503125 0.08333333281250001 0.5903125 0.07666666718750001 0.6136458328125001 0.0733333328125 0.6536458328125 0.08333333281250001 0.6603125000000001 0.24666666718750002 0.6936458328125 0.2633333328125 0.6769791671875
0 0.3133333328125 0.6869791671875001 0.32999999999999996 0.6703125 0.3866666671875 0.6336458328125001 0.42000000000000004 0.6269791671875 0.47000000000000003 0.6436458328125 0.4766666671875 0.6436458328125 0.48 0.6369791671875 0.48 0.5969791671875 0.4733333328125 0.5769791671875 0.44666666718750003 0.5536458328125 0.4 0.5269791671874999 0.36666666718749996 0.5236458328125 0.3266666671875 0.5403125 0.3066666671875 0.5569791671875 0.2866666671875 0.5936458328125 0.2833333328125 0.6136458328125001 0.2866666671875 0.6603125000000001 0.29333333281249996 0.6736458328125 0.3133333328125 0.6869791671875001
0 0.5166666671875 0.7436458328125 0.52 0.7369791671875 0.5166666671875 0.7036458328124999 0.5033333328125 0.6736458328125 0.4766666671875 0.6503125 0.44000000000000006 0.6336458328125001 0.4 0.6336458328125001 0.36666666718749996 0.6436458328125 0.33999999999999997 0.6703125 0.32999999999999996 0.6736458328125 0.32 0.6869791671875001 0.3133333328125 0.7103125 0.3233333328125 0.7169791671875 0.4933333328125 0.7436458328125 0.5166666671875 0.7436458328125
0 0.5566666671875 0.7469791671875 0.6766666671875 0.7169791671875 0.7366666671875 0.6903125 0.7566666671875 0.6703125 0.7466666671875 0.6236458328125 0.73 0.5936458328125 0.7066666671874999 0.5703125 0.67 0.5469791671875 0.65 0.5503125 0.5833333328125 0.5436458328125 0.5266666671875 0.5869791671875 0.51 0.6203125 0.5066666671875 0.6536458328125 0.5133333328125 0.6836458328125 0.5333333328125 0.7236458328125 0.5566666671875 0.7469791671875
0 0.5033333328125 0.6303124999999999 0.5233333328125 0.5869791671875 0.5533333328125 0.5603125 0.5733333328125 0.5536458328125 0.5733333328125 0.5469791671875 0.6133333328125 0.5403125 0.6166666671875001 0.5436458328125 0.6599999999999999 0.5436458328125 0.6633333328125001 0.5303125 0.65 0.5136458328125 0.6366666671875 0.5069791671874999 0.6 0.4969791671875 0.5700000000000001 0.4969791671875 0.5466666671875 0.5036458328125 0.5233333328125 0.5169791671875 0.48666666718749996 0.5536458328125 0.48 0.5769791671875 0.48666666718749996 0.5869791671875 0.48666666718749996 0.6069791671875 0.5033333328125 0.6303124999999999
0 0.5133333328125 0.5203125 0.55 0.5003124999999999 0.5533333328125 0.4936458328125 0.5366666671875 0.4569791671875 0.53 0.4503125 0.5233333328125 0.44697916718749997 0.48333333281249996 0.44697916718749997 0.4233333328125 0.4736458328125 0.4033333328125 0.4969791671875 0.4 0.5203125 0.4733333328125 0.5736458328125 0.49000000000000005 0.5436458328125 0.5133333328125 0.5203125
0 0.5599999999999999 0.4969791671875 0.5700000000000001 0.4969791671875 0.5733333328125 0.4936458328125 0.6 0.4936458328125 0.6033333328125 0.4969791671875 0.6266666671875 0.5003124999999999 0.63 0.5036458328125 0.65 0.5103125000000001 0.65 0.48364583281250006 0.6466666671875 0.4769791671875 0.6433333328125 0.4769791671875 0.6266666671875 0.4603125 0.5900000000000001 0.44364583281250003 0.5566666671875 0.44364583281250003 0.5466666671875 0.44697916718749997 0.54 0.4536458328125 0.54 0.4569791671875 0.55 0.48364583281250006 0.5599999999999999 0.4969791671875
0 0.7533333328125 0.6303124999999999 0.76 0.6569791671874999 0.7666666671875 0.6636458328125 0.7966666671875 0.6536458328125 0.8300000000000001 0.6336458328125001 0.8400000000000001 0.6203125 0.8466666671875 0.5703125 0.8233333328124999 0.5303125 0.7966666671875 0.5069791671874999 0.7566666671875 0.4969791671875 0.7066666671874999 0.4969791671875 0.6733333328125 0.5169791671875 0.67 0.5236458328125 0.6733333328125 0.5403125 0.7183333328125 0.5786458328124999 0.7533333328125 0.6303124999999999
0 0.7866666671875 0.5003124999999999 0.8266666671875 0.5303125 0.85 0.5703125 0.86 0.5703125 0.8699999999999999 0.5603125 0.8766666671875001 0.5369791671875 0.8699999999999999 0.5003124999999999 0.86 0.4769791671875 0.8433333328125 0.4603125 0.8 0.4369791671875 0.7466666671875 0.4369791671875 0.7266666671875 0.44364583281250003 0.7133333328125 0.4569791671875 0.71 0.4803125 0.7133333328125 0.49031250000000004 0.76 0.4936458328125 0.7866666671875 0.5003124999999999
0 0.6666666671875 0.5136458328125 0.6666666671875 0.5169791671875 0.6833333328125 0.5036458328125 0.7133333328125 0.49031250000000004 0.7166666671875 0.48364583281250006 0.7166666671875 0.4703125 0.71 0.4569791671875 0.6900000000000001 0.4569791671875 0.6666666671875 0.4703125 0.6566666671875 0.4803125 0.6533333328125 0.4869791671875 0.6533333328125 0.5003124999999999 0.6566666671875 0.5069791671874999 0.6666666671875 0.5136458328125
0 0.6599999999999999 0.4736458328125 0.77 0.4303125 0.77 0.4203125 0.7633333328125 0.4136458328125 0.76 0.4036458328125 0.75 0.3936458328125 0.7266666671875 0.3836458328125 0.6900000000000001 0.3869791671875 0.6766666671875 0.3803125 0.65 0.3803125 0.6366666671875 0.3869791671875 0.6166666671875001 0.40697916718749994 0.6133333328125 0.4169791671875 0.6133333328125 0.44697916718749997 0.6466666671875 0.4736458328125 0.6599999999999999 0.4736458328125
0 0.8433333328125 0.4569791671875 0.8633333328124999 0.4769791671875 0.8699999999999999 0.49031250000000004 0.9199999999999999 0.4803125 0.9266666671875001 0.4736458328125 0.9199999999999999 0.4536458328125 0.9133333328125 0.44697916718749997 0.9033333328125 0.4236458328125 0.8866666671875001 0.4103125 0.8566666671875 0.40697916718749994 0.8266666671875 0.4136458328125 0.8066666671875 0.4236458328125 0.8033333328125 0.42697916718749995 0.8033333328125 0.4336458328125 0.8099999999999999 0.4403125 0.8433333328125 0.4569791671875
0 0.8833333328125 0.5436458328125 0.8800000000000001 0.5469791671875 0.8800000000000001 0.5836458328125 0.89 0.5936458328125 0.9066666671875 0.5936458328125 0.93 0.5736458328125 0.9533333328125 0.5636458328125 0.9800000000000001 0.5403125 0.9833333328125 0.5403125 0.9833333328125 0.5236458328125 0.9800000000000001 0.5136458328125 0.9566666671874999 0.4936458328125 0.93 0.48364583281250006 0.9033333328125 0.48364583281250006 0.9 0.4869791671875 0.8866666671875001 0.4869791671875 0.8766666671875001 0.49031250000000004 0.8766666671875001 0.5136458328125 0.8833333328125 0.5236458328125 0.8833333328125 0.5436458328125
0 0.3966666671875 0.4703125 0.43 0.4669791671875 0.5 0.4369791671875 0.51 0.4236458328125 0.51 0.4169791671875 0.4966666671875 0.3903125 0.46666666718750005 0.3669791671875 0.44666666718750003 0.3603125 0.41333333281250006 0.3603125 0.4033333328125 0.36364583281249996 0.3866666671875 0.3769791671875 0.37666666718749997 0.3936458328125 0.37333333281250003 0.4036458328125 0.37333333281250003 0.4336458328125 0.38333333281250004 0.4536458328125 0.3966666671875 0.4703125
0 0.35 0.5003124999999999 0.3566666671875 0.4936458328125 0.37333333281250003 0.4869791671875 0.38 0.4769791671875 0.38 0.4703125 0.37 0.44697916718749997 0.3566666671875 0.4336458328125 0.3266666671875 0.4169791671875 0.3133333328125 0.4236458328125 0.29333333281249996 0.4403125 0.29 0.44697916718749997 0.27999999999999997 0.4503125 0.2766666671875 0.4569791671875 0.31 0.49031250000000004 0.32999999999999996 0.4969791671875 0.35 0.5003124999999999
0 0.29333333281249996 0.40697916718749994 0.33999999999999997 0.4136458328125 0.3633333328125 0.4136458328125 0.36666666718749996 0.4103125 0.39 0.3536458328125 0.37 0.3303125 0.3633333328125 0.3169791671875 0.3366666671875 0.3036458328125 0.32 0.3036458328125 0.2966666671875 0.31364583281249997 0.2766666671875 0.3336458328125 0.27 0.35031249999999997 0.27 0.37364583281249997 0.27999999999999997 0.3936458328125 0.29333333281249996 0.40697916718749994
0 0.16 0.5003124999999999 0.21000000000000002 0.5036458328125 0.22000000000000003 0.4969791671875 0.23333333281250002 0.4736458328125 0.23333333281250002 0.4603125 0.2233333328125 0.4403125 0.21000000000000002 0.42697916718749995 0.2 0.4236458328125 0.18 0.40031249999999996 0.1633333328125 0.3936458328125 0.1233333328125 0.3969791671875 0.0866666671875 0.4136458328125 0.0666666671875 0.4136458328125 0.0266666671875 0.4403125 0.0233333328125 0.46364583281250005 0.03 0.4703125 0.0533333328125 0.4703125 0.16 0.5003124999999999
0 0.11333333281249999 0.5536458328125 0.1433333328125 0.5403125 0.1666666671875 0.5403125 0.1766666671875 0.5469791671875 0.1833333328125 0.5469791671875 0.1966666671875 0.5536458328125 0.2066666671875 0.5536458328125 0.2166666671875 0.5403125 0.2166666671875 0.5236458328125 0.21000000000000002 0.5169791671875 0.1833333328125 0.5069791671874999 0.17333333281250002 0.5069791671874999 0.16999999999999998 0.5036458328125 0.1366666671875 0.5036458328125 0.1166666671875 0.5136458328125 0.09 0.5469791671875 0.0866666671875 0.5536458328125 0.09 0.5769791671875 0.0866666671875 0.5836458328125 0.11333333281249999 0.5536458328125
0 0.3 0.5003124999999999 0.30333333281249997 0.4969791671875 0.3133333328125 0.4969791671875 0.3133333328125 0.4936458328125 0.2766666671875 0.46364583281250005 0.24666666718750002 0.4736458328125 0.23333333281250002 0.4869791671875 0.2233333328125 0.5103125000000001 0.2233333328125 0.5203125 0.2266666671875 0.5236458328125 0.3 0.5003124999999999