0 0.3636363640625 0.8217329546875 0.41454545468750004 0.8217329546875 0.49818181875 0.78900568125 0.5527272734374999 0.74536931875 0.5745454546875 0.698096590625 0.57818181875 0.6399147734375 0.549090909375 0.5671875 0.49818181875 0.5199147734375 0.4472727265625 0.5017329546875 0.3854545453125 0.498096590625 0.349090909375 0.5126420453125 0.29454545468750004 0.5562784093750001 0.25818181875 0.6217329546875 0.250909090625 0.698096590625 0.2654545453125 0.7417329546875 0.309090909375 0.7926420453125 0.3636363640625 0.8217329546875
0 0.24363636406250003 0.658096590625 0.27272727343750003 0.578096590625 0.2872727265625 0.5599147734375001 0.33818181875 0.5126420453125 0.39272727343749997 0.4908238640625 0.3963636359375 0.47991477343750005 0.3854545453125 0.4435511359375 0.3163636359375 0.38536931874999997 0.27272727343750003 0.3708238640625 0.21090909062500002 0.3708238640625 0.17090909062499998 0.38536931874999997 0.14181818125 0.41082386406250004 0.10909090937499999 0.4871875 0.10909090937499999 0.5562784093750001 0.13818181875 0.6071875 0.1854545453125 0.6435511359375 0.24363636406250003 0.658096590625
0 0 0.45082386406249997 0.050909090625 0.46900568125 0.08 0.50536931875 0.09818181875000001 0.50900568125 0.12 0.4435511359375 0.14181818125 0.40355113593749997 0.1745454546875 0.378096590625 0.2363636359375 0.3635511359375 0.24 0.34536931875 0.16 0.2835511359375 0.1345454546875 0.2435511359375 0.0436363640625 0.2399147734375 0.010909090625 0.258096590625 0 0.26900568125 0 0.45082386406249997
0 0.25818181875 0.338096590625 0.33818181875 0.3308238640625 0.3854545453125 0.30900568125 0.429090909375 0.2544602265625 0.4436363640625 0.20355113593750002 0.44000000000000006 0.1671875 0.14181818125 0.1708238640625 0.13818181875 0.22173295468749998 0.16 0.27627840937500003 0.1963636359375 0.3126420453125 0.25818181875 0.338096590625
0 0.5599999999999999 0.5599147734375001 0.6254545453125 0.5417329546875 0.6654545453125 0.50900568125 0.6763636359375 0.4871875 0.6872727265624999 0.396278409375 0.6763636359375 0.34900568125000003 0.6327272734375 0.2944602265625 0.5927272734375 0.27264204531249997 0.530909090625 0.26536931875 0.4763636359375 0.27627840937500003 0.42181818125000003 0.32355113593749996 0.3963636359375 0.3671875 0.39272727343749997 0.45082386406249997 0.4036363640625 0.4871875 0.4945454546875 0.5126420453125 0.5599999999999999 0.5599147734375001
0 0.629090909375 0.2508238640625 0.6436363640625 0.2944602265625 0.70181818125 0.378096590625 0.76 0.396278409375 0.8 0.38900568125 0.8690909093749999 0.3308238640625 0.89818181875 0.2799147734375 0.9199999999999999 0.258096590625 0.930909090625 0.218096590625 0.9199999999999999 0.1671875 0.6436363640625 0.1671875 0.6327272734375 0.18536931875 0.629090909375 0.2508238640625
0 0.8763636359375001 0.78900568125 0.9963636359375 0.7962784093749999 0.9963636359375 0.5199147734375 0.9781818187500001 0.5126420453125 0.890909090625 0.516278409375 0.8472727265625 0.5417329546875 0.81818181875 0.578096590625 0.8072727265624999 0.6144602265625 0.8363636359375001 0.6726420453124999 0.8400000000000001 0.7635511359375 0.8763636359375001 0.78900568125
0 0.5345454546874999 0.7671875 0.54181818125 0.78900568125 0.5636363640625001 0.8144602265625001 0.5927272734375 0.82900568125 0.7745454546875 0.82900568125 0.8072727265624999 0.7999147734375 0.8327272734375001 0.756278409375 0.8363636359375001 0.7090056812500001 0.8254545453125001 0.6544602265624999 0.789090909375 0.596278409375 0.7163636359375001 0.5526420453124999 0.669090909375 0.5453693187499999 0.6 0.5599147734375001 0.5636363640625001 0.58536931875 0.58181818125 0.636278409375 0.58181818125 0.6908238640625 0.5599999999999999 0.7417329546875 0.5345454546874999 0.7671875
0 0.7272727265625 0.5526420453124999 0.770909090625 0.5744602265625 0.8036363640624999 0.5562784093750001 0.82181818125 0.5562784093750001 0.8363636359375001 0.5490056812499999 0.8836363640625 0.5126420453125 0.8836363640625 0.458096590625 0.8727272734374999 0.4399147734375 0.82181818125 0.3926420453125 0.7163636359375001 0.3926420453125 0.6945454546875001 0.39991477343750004 0.6872727265624999 0.4726420453125 0.6581818187499999 0.5271874999999999 0.6618181812499999 0.5417329546875 0.7272727265625 0.5526420453124999
0 0 0.74900568125 0.0436363640625 0.7744602265625 0.054545454687499995 0.7744602265625 0.069090909375 0.7599147734375 0.1363636359375 0.738096590625 0.17090909062499998 0.7417329546875 0.1854545453125 0.7235511359375 0.18181818125 0.7126420453125 0.2 0.6835511359375 0.2036363640625 0.658096590625 0.16 0.6326420453125 0.1272727265625 0.5999147734375 0.10181818125 0.5490056812499999 0.09818181875000001 0.5199147734375 0.06181818125000001 0.50900568125 0.02181818125 0.5126420453125 0 0.5199147734375 0 0.74900568125
0 0.33090909062499996 0.8144602265625001 0.26181818125 0.74900568125 0.2072727265625 0.7417329546875 0.189090909375 0.6944602265625 0.1854545453125 0.7053693187500001 0.1963636359375 0.7308238640625 0.1745454546875 0.74900568125 0.1563636359375 0.7417329546875 0.11636363593750002 0.7417329546875 0.0945454546875 0.74900568125 0.0763636359375 0.7599147734375 0.04 0.8035511359375 0.0363636359375 0.82900568125 0.3454545453125 0.82900568125 0.34181818124999996 0.818096590625 0.33090909062499996 0.8144602265625001