0 0.2046332046875 0.41071428593750003 0.2393822390625 0.40685328125 0.2702702703125 0.3952702703125 0.3204633203125 0.352799228125 0.33976833906250004 0.2794401546875 0.33204633281249996 0.23696911250000002 0.3011583015625 0.19449806875 0.25482625468750003 0.1674710421875 0.21621621562499999 0.1636100390625 0.166023165625 0.1790540546875 0.1235521234375 0.2138030890625 0.10038609999999999 0.252413128125 0.10038609999999999 0.32577219999999996 0.135135134375 0.383687259375 0.16216216249999998 0.402992278125 0.2046332046875 0.41071428593750003
0 0.42084942031250006 0.4300193046875 0.46332046406250005 0.433880309375 0.5173745171874999 0.4300193046875 0.540540540625 0.402992278125 0.559845559375 0.3489382234375 0.5521235515625 0.302606178125 0.521235521875 0.260135134375 0.428571428125 0.23696911250000002 0.38223938281250003 0.24855212343750002 0.347490346875 0.2794401546875 0.33204633281249996 0.321911196875 0.328185328125 0.341216215625 0.33204633281249996 0.3914092671875 0.3976833984375 0.41071428593750003 0.42084942031250006 0.4300193046875
0 0.6332046328125001 0.3914092671875 0.65637065625 0.41843629375 0.65637065625 0.44546332031249997 0.675675675 0.4570463328125 0.6949806953125 0.4570463328125 0.702702703125 0.44546332031249997 0.7644787640625 0.4570463328125 0.8069498062499999 0.433880309375 0.822393821875 0.41843629375 0.8378378375000001 0.3952702703125 0.8455598453125001 0.36824324375 0.8455598453125001 0.321911196875 0.833976834375 0.2987451734375 0.7915057921875001 0.260135134375 0.76833976875 0.24855212343750002 0.7258687265625 0.24083011562499998 0.675675675 0.24083011562499998 0.640926640625 0.252413128125 0.60617760625 0.2871621625 0.5868725875 0.3296332046875 0.5830115828125 0.383687259375 0.5984555984375 0.40685328125 0.60617760625 0.41071428593750003 0.6332046328125001 0.3914092671875
0 0.741312740625 0.6114864859375 0.81853281875 0.6153474906249999 0.8571428578125 0.6346525093750001 0.8532818531249999 0.6616795359375 0.864864865625 0.665540540625 0.8957528953124999 0.6539575296875 0.9420849421874999 0.6114864859375 0.953667953125 0.565154440625 0.9459459453125 0.5304054046875 0.91891891875 0.48407335937499996 0.8841698843750001 0.4570463328125 0.8378378375000001 0.4416023171875 0.8030888031250001 0.4416023171875 0.7760617765625 0.453185328125 0.7644787640625 0.4647683390625 0.7799227796875 0.48407335937499996 0.76833976875 0.5226833984375 0.7606177609375 0.5304054046875 0.7220077218750001 0.5265444015625 0.702702703125 0.5419884171875 0.6988416984375 0.5883204640625 0.71814671875 0.6269305015625 0.7258687265625 0.6269305015625 0.741312740625 0.6114864859375
0 0.5096525093750001 0.684845559375 0.55598455625 0.6887065640625 0.5868725875 0.6771235515625 0.6216216218749999 0.646235521875 0.640926640625 0.603764478125 0.6447876453125 0.5419884171875 0.6332046328125001 0.5033783781250001 0.60617760625 0.46862934375 0.5521235515625 0.4416023171875 0.49420849375 0.43774131250000003 0.4517374515625 0.4570463328125 0.42084942031250006 0.4917953671875 0.39382239375 0.5419884171875 0.389961390625 0.5960424703125 0.40154440156250004 0.6230694984375 0.43629343593750003 0.6539575296875 0.5096525093750001 0.684845559375
0 0.4324324328125 0.847007721875 0.48648648593750005 0.8238416984375 0.4980694984375 0.8083976828124999 0.525096525 0.750482625 0.525096525 0.715733590625 0.5096525093750001 0.6887065640625 0.44015444062500003 0.6616795359375 0.4131274125 0.6423745171874999 0.38610038593749996 0.6423745171874999 0.3513513515625 0.665540540625 0.3204633203125 0.735038609375 0.3166023171875 0.765926640625 0.3359073359375 0.8045366796875 0.37451737500000004 0.8315637062500001 0.4324324328125 0.847007721875
3 0.65637065625 0.42229729687499995 0.65637065625 0.44546332031249997 0.675675675 0.4570463328125 0.6949806953125 0.4570463328125 0.7220077218750001 0.44546332031249997 0.7451737453125 0.4570463328125 0.7644787640625 0.4570463328125 0.8069498062499999 0.433880309375 0.822393821875 0.41843629375 0.8378378375000001 0.3952702703125 0.8455598453125001 0.36824324375 0.8455598453125001 0.321911196875 0.833976834375 0.2987451734375 0.7915057921875001 0.260135134375 0.76833976875 0.24855212343750002 0.7258687265625 0.24083011562499998 0.675675675 0.24083011562499998 0.640926640625 0.252413128125 0.60617760625 0.2871621625 0.5868725875 0.3296332046875 0.5830115828125 0.383687259375 0.5984555984375 0.40685328125 0.6486486484375 0.40685328125 0.65637065625 0.42229729687499995
3 0.45654826249999997 0.31533976875 0.47618918906249996 0.28824710468750003 0.4822857140625 0.2686023171875 0.4660308875 0.2489575296875 0.4362239375 0.24286100312499997 0.4016795359375 0.2489575296875 0.361038609375 0.2780849421875 0.3495212359375 0.30924324375 0.329880309375 0.33498455625 0.33258687187499997 0.3573359078125 0.3386833984375 0.3844324328125 0.40235907343750005 0.41288030937500003 0.41928957499999997 0.4223667953125 0.4443552125 0.3993359078125 0.45180695000000004 0.36749806875 0.45451351406249996 0.32617760625000003 0.45654826249999997 0.31533976875
3 0.4910926640625 0.48942471093749995 0.45383783749999995 0.4975521234375 0.4267413125 0.5124555984375 0.3949073359375 0.540903475 0.3942278 0.5510656375 0.3928725875 0.5761274125 0.40235907343750005 0.6106718140625 0.415903475 0.6357374515624999 0.5012548265625 0.672312740625 0.518864865625 0.675702703125 0.5466370656249999 0.659444015625 0.5777953671875 0.6235444015625 0.5886332046875 0.586289575 0.5886332046875 0.5571621625 0.5642471046875001 0.5260038609375 0.540540540625 0.5050038609375 0.5080270265625 0.49145559843750003 0.4910926640625 0.48942471093749995
2 0.4775444015625 0.76308108125 0.4822857140625 0.7502123546874999 0.4768687265625 0.7434362937500001 0.46738609999999997 0.7380193046875 0.4558687265625 0.7488571421875 0.4667065640625 0.76308108125 0.4775444015625 0.76308108125
2 0.3800038609375 0.8077876453125 0.39626254843750003 0.8125289578125001 0.4111621625 0.8010154437500001 0.4104864859375 0.7894980687500001 0.4010038609375 0.7786602312500001 0.39964864843750003 0.7786602312500001 0.3874555984375 0.77662934375 0.37323166093750004 0.7834015437499999 0.3711969109375 0.79830501875 0.3800038609375 0.8077876453125