0 0.8145454546875 0.6326420453125 0.8727272734374999 0.6435511359375 0.9163636359374999 0.6399147734375 0.9527272734375 0.6108238640625 0.9818181812500001 0.5635511359375001 0.9818181812500001 0.4908238640625 0.9527272734375 0.4435511359375 0.9163636359374999 0.418096590625 0.8545454546875 0.41446022656250003 0.8290909093750001 0.4217329546875 0.7854545453124999 0.44718749999999996 0.7563636359375 0.48355113593750004 0.7454545453125 0.5271874999999999 0.749090909375 0.5671875 0.77818181875 0.6071875 0.8145454546875 0.6326420453125
0 0.52 0.6908238640625 0.549090909375 0.6835511359375 0.6072727265625 0.6399147734375 0.6254545453125 0.6035511359375 0.629090909375 0.5271874999999999 0.610909090625 0.4908238640625 0.5854545453125 0.46173295468750003 0.509090909375 0.42536931874999995 0.4654545453125 0.42536931874999995 0.429090909375 0.4435511359375 0.389090909375 0.476278409375 0.3563636359375 0.5308238640625 0.3563636359375 0.5926420453125 0.39272727343749997 0.6435511359375 0.450909090625 0.6871875000000001 0.52 0.6908238640625
0 0.2763636359375 0.46900568125 0.3127272734375 0.47991477343750005 0.37818181875 0.47991477343750005 0.46181818124999996 0.41446022656250003 0.4872727265625 0.3599147734375 0.4872727265625 0.32355113593749996 0.46181818124999996 0.26536931875 0.42181818125000003 0.22536931875000002 0.38181818125 0.2071875 0.309090909375 0.2071875 0.2545454546875 0.22900568125 0.21818181874999998 0.2617329546875 0.2 0.316278409375 0.1963636359375 0.34536931875 0.2036363640625 0.3926420453125 0.23272727343750002 0.436278409375 0.2763636359375 0.46900568125
2 0.4872727265625 0.62536931875 0.4945454546875 0.6144602265625 0.49090909062500004 0.5744602265625 0.4872727265625 0.578096590625 0.4872727265625 0.58900568125 0.4763636359375 0.596278409375 0.46909090937500003 0.6108238640625 0.46909090937500003 0.618096590625 0.4727272734375 0.62536931875 0.4872727265625 0.62536931875
2 0.41212 0.5847620453125 0.42848363593750005 0.5877947734375 0.43515272656250004 0.578096590625 0.4375745453125 0.5623402265624999 0.42484727343750006 0.564158409375 0.4193927265625 0.5708238640625 0.41212 0.5847620453125
2 0.32666545468749997 0.41385295468749994 0.3327272734375 0.41688568125 0.3448472734375 0.41203477343749995 0.3484836359375 0.4047620453125 0.336970909375 0.3950675 0.3193927265625 0.39809659062499997 0.32666545468749997 0.41385295468749994
2 0.23333454531250003 0.385976590625 0.23393818125000002 0.4023402265625 0.24302909062500003 0.41082386406250004 0.2593927265625 0.4005220453125 0.256970909375 0.3944602265625 0.25212 0.37748931875 0.24242545468749999 0.37688568125 0.2375745453125 0.3799147734375 0.23333454531250003 0.385976590625
2 0.758789090625 0.5029438640625 0.74969818125 0.51688568125 0.756970909375 0.5387038640624999 0.76606181875 0.5393074999999999 0.778789090625 0.5320347734374999 0.77818181875 0.5035511359375 0.770909090625 0.49991477343749996 0.7648472734375 0.49991477343749996 0.758789090625 0.5029438640625
2 0.3733345453125 0.3447620453125 0.37818181875 0.3447620453125 0.38181818125 0.3399147734375 0.3842436359375 0.330216590625 0.3757563640625 0.3223402265625 0.3654545453125 0.3265802265625 0.3733345453125 0.3447620453125
2 0.51030181875 0.44839840937500003 0.4951527265625 0.4538529546875 0.49575636406249995 0.46415840937499997 0.5048472734375 0.4714311359375 0.5145454546875 0.46839840937500005 0.5127272734375 0.44900568124999996 0.51030181875 0.44839840937500003
2 0.44666545468749996 0.5423402265624999 0.45636363593749996 0.5411256812499999 0.4654545453125 0.5253693187499999 0.461210909375 0.5138529546874999 0.44484727343749997 0.505976590625 0.4393927265625 0.5387038640624999 0.44666545468749996 0.5423402265624999