0 0.0537109375 0.708984375 0.0947265625 0.748046875 0.177734375 0.8662109375 0.2314453125 0.919921875 0.287109375 0.9599609375 0.349609375 0.986328125 0.4033203125 0.9951171875 0.4462890625 0.9951171875 0.5234375 0.986328125 0.6015625 0.970703125 0.6748046875 0.9462890625 0.70703125 0.931640625 0.7998046875 0.8759765625 0.85546875 0.8349609375 0.9013671875 0.7900390625 0.9326171875 0.7509765625 0.9755859375 0.6708984375 0.9990234375 0.58203125 0.9990234375 0.548828125 0.986328125 0.46484375 0.9599609375 0.41015625 0.91796875 0.357421875 0.8486328125 0.2939453125 0.78125 0.248046875 0.71875 0.1708984375 0.673828125 0.1279296875 0.6669921875 0.1259765625 0.6435546875 0.1015625 0.6328125 0.095703125 0.6318359375 0.0888671875 0.5986328125 0.0498046875 0.5498046875 0.0224609375 0.48046875 0.009765625 0.400390625 0.0126953125 0.35546875 0.0244140625 0.2998046875 0.0498046875 0.27734375 0.0634765625 0.189453125 0.1337890625 0.1201171875 0.205078125 0.064453125 0.2861328125 0.0400390625 0.33984375 0.009765625 0.4599609375 0.0029296875 0.5302734375 0.0029296875 0.5771484375 0.0087890625 0.6123046875 0.03515625 0.681640625 0.0537109375 0.708984375
2 0.322265625 0.6904296875 0.3154296875 0.6923828125 0.314453125 0.701171875 0.32421875 0.7060546875 0.328125 0.6962890625 0.322265625 0.6904296875
2 0.5146484375 0.60546875 0.505859375 0.59765625 0.498046875 0.6015625 0.4970703125 0.609375 0.50390625 0.6142578125 0.5107421875 0.6123046875 0.5146484375 0.60546875
2 0.34765625 0.6484375 0.3447265625 0.63671875 0.3349609375 0.63671875 0.33203125 0.6396484375 0.3349609375 0.6494140625 0.341796875 0.6513671875 0.34765625 0.6484375
2 0.552734375 0.8173828125 0.5419921875 0.8173828125 0.5390625 0.8203125 0.5419921875 0.828125 0.552734375 0.8251953125 0.552734375 0.8173828125
2 0.7802734375 0.6982421875 0.77734375 0.6953125 0.7646484375 0.697265625 0.7529296875 0.7099609375 0.751953125 0.71875 0.7646484375 0.71875 0.7763671875 0.708984375 0.7802734375 0.6982421875
2 0.44921875 0.37109375 0.4384765625 0.373046875 0.4375 0.3798828125 0.44140625 0.3828125 0.44921875 0.3798828125 0.44921875 0.37109375
2 0.2646484375 0.572265625 0.2646484375 0.5791015625 0.2724609375 0.58203125 0.2734375 0.57421875 0.2646484375 0.572265625
2 0.13671875 0.5986328125 0.1337890625 0.6083984375 0.140625 0.6123046875 0.1416015625 0.6025390625 0.13671875 0.5986328125
2 0.21875 0.6943359375 0.2177734375 0.7060546875 0.2255859375 0.7099609375 0.224609375 0.697265625 0.21875 0.6943359375
2 0.384765625 0.36328125 0.3876953125 0.37109375 0.3955078125 0.3671875 0.3916015625 0.3603515625 0.384765625 0.36328125
2 0.365234375 0.50390625 0.365234375 0.5146484375 0.37109375 0.5146484375 0.3740234375 0.5 0.365234375 0.50390625
2 0.443359375 0.513671875 0.4423828125 0.521484375 0.451171875 0.5234375 0.453125 0.5166015625 0.443359375 0.513671875
2 0.529296875 0.4638671875 0.5283203125 0.4697265625 0.5361328125 0.4716796875 0.537109375 0.462890625 0.529296875 0.4638671875
2 0.2734375 0.4833984375 0.2734375 0.490234375 0.2822265625 0.4892578125 0.2822265625 0.4814453125 0.2734375 0.4833984375
2 0.7265625 0.3994140625 0.7255859375 0.4052734375 0.7314453125 0.40625 0.732421875 0.400390625 0.7265625 0.3994140625