3 0.0533333328125 0.7003125 0.08333333281250001 0.7069791671875 0.1366666671875 0.7069791671875 0.1566666671875 0.6969791671875 0.17333333281250002 0.6803125 0.1833333328125 0.6603125000000001 0.18 0.6003125 0.1633333328125 0.5736458328125 0.1433333328125 0.5569791671875 0.10333333281249998 0.5536458328125 0.07666666718750001 0.5603125 0.0533333328125 0.5703125 0.0266666671875 0.5969791671875 0.0233333328125 0.6436458328125 0.03 0.6703125 0.0366666671875 0.6836458328125 0.0533333328125 0.7003125
3 0.6 0.5903125 0.6033333328125 0.6769791671875 0.64 0.7169791671875 0.6599999999999999 0.7269791671875 0.71 0.7236458328125 0.7333333328125 0.7103125 0.76 0.6603125000000001 0.7633333328125 0.6236458328125 0.7533333328125 0.5869791671875 0.74 0.5636458328125 0.7166666671875 0.5469791671875 0.6766666671875 0.5436458328125 0.6666666671875 0.5503125 0.6366666671875 0.5469791671875 0.6333333328124999 0.5369791671875 0.6266666671875 0.5369791671875 0.6333333328124999 0.5503125 0.6333333328124999 0.5669791671875 0.6066666671875 0.5803125 0.6 0.5903125
0 0.6033333328125 0.6769791671875 0.64 0.7169791671875 0.6599999999999999 0.7269791671875 0.71 0.7236458328125 0.7333333328125 0.7103125 0.76 0.6603125000000001 0.7633333328125 0.6236458328125 0.7533333328125 0.5869791671875 0.74 0.5636458328125 0.7166666671875 0.5469791671875 0.6766666671875 0.5436458328125 0.6599999999999999 0.5569791671875 0.6466666671875 0.5569791671875 0.6333333328124999 0.5369791671875 0.6266666671875 0.5369791671875 0.63 0.5669791671875 0.6066666671875 0.5803125 0.6 0.5903125 0.6033333328125 0.6769791671875
0 0.0533333328125 0.7003125 0.08 0.7069791671875 0.1366666671875 0.7069791671875 0.1566666671875 0.6969791671875 0.17333333281250002 0.6803125 0.1833333328125 0.6603125000000001 0.18 0.6003125 0.1633333328125 0.5736458328125 0.1433333328125 0.5569791671875 0.10333333281249998 0.5536458328125 0.07666666718750001 0.5603125 0.0533333328125 0.5703125 0.0266666671875 0.5969791671875 0.0233333328125 0.6436458328125 0.03 0.6703125 0.0366666671875 0.6836458328125 0.0533333328125 0.7003125
0 0.8966666671875 0.7703125 0.9066666671875 0.7669791671875 0.9233333328125 0.7569791671874999 0.9366666671875 0.7436458328125 0.9400000000000001 0.7236458328125 0.93 0.6869791671875001 0.93 0.6669791671875 0.9266666671875001 0.6603125000000001 0.9133333328125 0.6503125 0.8933333328125 0.6403125000000001 0.8566666671875 0.6436458328125 0.8300000000000001 0.6536458328125 0.82 0.6636458328125 0.8133333328125 0.6803125 0.8099999999999999 0.7103125 0.82 0.7403125 0.8633333328124999 0.7703125 0.8966666671875 0.7703125
0 0.8033333328125 0.6703125 0.8066666671875 0.6969791671875 0.8099999999999999 0.6936458328125 0.8066666671875 0.6903125 0.8133333328125 0.6736458328125 0.8466666671875 0.6436458328125 0.8733333328124999 0.6403125000000001 0.8766666671875001 0.6369791671875 0.8766666671875001 0.6003125 0.8566666671875 0.5836458328125 0.8566666671875 0.5636458328125 0.8533333328125 0.5603125 0.8533333328125 0.5436458328125 0.85 0.5403125 0.8166666671874999 0.5436458328125 0.8033333328125 0.5503125 0.8033333328125 0.5603125 0.8 0.5636458328125 0.7966666671875 0.6203125 0.8 0.6303124999999999 0.8 0.6669791671875 0.8033333328125 0.6703125
0 0.86 0.44697916718749997 0.8766666671875001 0.4536458328125 0.9133333328125 0.4536458328125 0.9533333328125 0.44697916718749997 0.9800000000000001 0.42697916718749995 0.9933333328125 0.3936458328125 0.99 0.3903125 0.9933333328125 0.37364583281249997 0.9833333328125 0.3103125 0.9666666671874999 0.2803125 0.9566666671874999 0.2736458328125 0.86 0.2703125 0.8366666671875 0.29031250000000003 0.8266666671875 0.3103125 0.8233333328124999 0.32697916718750003 0.8266666671875 0.3936458328125 0.8400000000000001 0.4236458328125 0.86 0.44697916718749997
0 0.7233333328125 0.5469791671875 0.7333333328125 0.5536458328125 0.7533333328125 0.5769791671875 0.7633333328125 0.6036458328125 0.7633333328125 0.6136458328125001 0.77 0.6203125 0.78 0.6203125 0.79 0.6136458328125001 0.7933333328125001 0.6036458328125 0.7933333328125001 0.5103125000000001 0.7866666671875 0.5003124999999999 0.6966666671875 0.5003124999999999 0.6799999999999999 0.5169791671875 0.6766666671875 0.5236458328125 0.6766666671875 0.5403125 0.7066666671874999 0.5403125 0.7233333328125 0.5469791671875
0 0.9199999999999999 0.6503125 0.9333333328125001 0.6636458328125 0.9366666671875 0.6736458328125 0.9433333328125 0.6769791671875 0.9533333328125 0.6769791671875 0.9566666671874999 0.6803125 0.97 0.6803125 0.9733333328124999 0.6836458328125 0.9933333328125 0.6803125 0.99 0.6769791671875 0.9933333328125 0.6619791671875 0.9933333328125 0.6003125 0.99 0.5936458328125 0.9133333328125 0.5903125 0.9 0.5969791671875 0.8966666671875 0.6036458328125 0.8966666671875 0.6303124999999999 0.9 0.6403125000000001 0.9199999999999999 0.6503125
3 0.9199999999999999 0.6503125 0.9333333328125001 0.6636458328125 0.9400000000000001 0.6769791671875 0.9733333328124999 0.6836458328125 0.9933333328125 0.6803125 0.9933333328125 0.6069791671875 0.99 0.6036458328125 0.99 0.5936458328125 0.9133333328125 0.5903125 0.9 0.5969791671875 0.8966666671875 0.6036458328125 0.8966666671875 0.6369791671875 0.9033333328125 0.6436458328125 0.9199999999999999 0.6503125
3 0.8099999999999999 0.6936458328125 0.8099999999999999 0.6803125 0.8233333328124999 0.6569791671874999 0.8366666671875 0.6469791671875 0.8766666671875001 0.6369791671875 0.8766666671875001 0.6003125 0.8566666671875 0.5836458328125 0.8566666671875 0.5669791671875 0.8533333328125 0.5636458328125 0.8533333328125 0.5469791671875 0.85 0.5436458328125 0.8333333328125001 0.5403125 0.8300000000000001 0.5436458328125 0.8099999999999999 0.5469791671875 0.8033333328125 0.5636458328125 0.8 0.6669791671875 0.8033333328125 0.6703125 0.8066666671875 0.6936458328125 0.8099999999999999 0.6936458328125
3 0.7333333328125 0.5536458328125 0.7533333328125 0.5769791671875 0.7633333328125 0.6003125 0.7633333328125 0.6136458328125001 0.77 0.6203125 0.78 0.6203125 0.7933333328125001 0.6103125 0.7933333328125001 0.5103125000000001 0.7866666671875 0.5003124999999999 0.6966666671875 0.5003124999999999 0.6799999999999999 0.5169791671875 0.6766666671875 0.5236458328125 0.6766666671875 0.5403125 0.7066666671874999 0.5403125 0.7333333328125 0.5536458328125
3 0.86 0.44697916718749997 0.8766666671875001 0.4536458328125 0.9133333328125 0.4536458328125 0.9533333328125 0.44697916718749997 0.9766666671875001 0.4303125 0.9933333328125 0.3936458328125 0.99 0.3803125 0.9933333328125 0.37364583281249997 0.99 0.3369791671875 0.9666666671874999 0.2803125 0.9566666671874999 0.2736458328125 0.86 0.2703125 0.8366666671875 0.29031250000000003 0.8266666671875 0.3103125 0.8233333328124999 0.3303125 0.8266666671875 0.3936458328125 0.8400000000000001 0.4236458328125 0.86 0.44697916718749997
0 0.5266666671875 0.4103125 0.54 0.4103125 0.5466666671875 0.4136458328125 0.5599999999999999 0.4036458328125 0.5633333328125001 0.3969791671875 0.5633333328125001 0.3803125 0.5566666671875 0.3669791671875 0.55 0.36364583281249996 0.5333333328125 0.36364583281249996 0.52 0.37364583281249997 0.5166666671875 0.3803125 0.5166666671875 0.3936458328125 0.52 0.4036458328125 0.5266666671875 0.4103125
0 0.49000000000000005 0.4036458328125 0.5133333328125 0.4036458328125 0.5166666671875 0.40031249999999996 0.5133333328125 0.3969791671875 0.5133333328125 0.3769791671875 0.4933333328125 0.3769791671875 0.48333333281249996 0.3869791671875 0.48666666718749996 0.3903125 0.48666666718749996 0.40031249999999996 0.49000000000000005 0.4036458328125
0 0.46666666718750005 0.42697916718749995 0.48 0.4203125 0.48333333281249996 0.4136458328125 0.48333333281249996 0.4036458328125 0.4766666671875 0.3903125 0.4566666671875 0.3903125 0.45 0.3936458328125 0.44666666718750003 0.3969791671875 0.44666666718750003 0.4169791671875 0.4533333328125 0.4236458328125 0.46666666718750005 0.42697916718749995