0 0.0400390625 0.775390625 0.0380859375 0.779296875 0.0771484375 0.8349609375 0.09375 0.8486328125 0.1396484375 0.87109375 0.26171875 0.9462890625 0.3525390625 0.984375 0.392578125 0.9921875 0.4267578125 0.994140625 0.5087890625 0.9873046875 0.6337890625 0.9453125 0.73046875 0.8896484375 0.814453125 0.8203125 0.8876953125 0.7373046875 0.9072265625 0.7021484375 0.9375 0.6611328125 0.98828125 0.537109375 0.9990234375 0.4814453125 0.9990234375 0.4248046875 0.990234375 0.365234375 0.982421875 0.337890625 0.9609375 0.298828125 0.9248046875 0.2587890625 0.865234375 0.2255859375 0.80078125 0.2119140625 0.7138671875 0.171875 0.69140625 0.1572265625 0.6259765625 0.078125 0.5947265625 0.0576171875 0.5458984375 0.0341796875 0.4853515625 0.013671875 0.4169921875 0.0087890625 0.357421875 0.0146484375 0.33203125 0.0205078125 0.2578125 0.0498046875 0.1904296875 0.107421875 0.1513671875 0.150390625 0.123046875 0.1884765625 0.0654296875 0.2861328125 0.03515625 0.3623046875 0.0205078125 0.4228515625 0.009765625 0.494140625 0.0048828125 0.5595703125 0.0048828125 0.6435546875 0.01171875 0.7080078125 0.025390625 0.751953125 0.0400390625 0.775390625
2 0.267578125 0.23046875 0.25390625 0.2255859375 0.244140625 0.2353515625 0.2431640625 0.244140625 0.2548828125 0.2451171875 0.265625 0.2373046875 0.267578125 0.23046875
2 0.2861328125 0.1640625 0.2861328125 0.158203125 0.279296875 0.1552734375 0.2666015625 0.1611328125 0.2685546875 0.171875 0.2734375 0.173828125 0.2802734375 0.171875 0.2861328125 0.1640625
2 0.3173828125 0.109375 0.314453125 0.1015625 0.30078125 0.1025390625 0.298828125 0.1123046875 0.3017578125 0.115234375 0.3125 0.1142578125 0.3173828125 0.109375
2 0.5791015625 0.5400390625 0.572265625 0.53515625 0.56640625 0.5361328125 0.5625 0.5400390625 0.564453125 0.552734375 0.5771484375 0.5546875 0.5791015625 0.5400390625
2 0.822265625 0.5849609375 0.8154296875 0.5859375 0.8154296875 0.5947265625 0.8212890625 0.595703125 0.82421875 0.591796875 0.822265625 0.5849609375
2 0.513671875 0.576171875 0.5087890625 0.5771484375 0.5048828125 0.5849609375 0.513671875 0.591796875 0.51953125 0.5810546875 0.513671875 0.576171875
2 0.474609375 0.525390625 0.4736328125 0.5205078125 0.466796875 0.517578125 0.4580078125 0.5224609375 0.45703125 0.5283203125 0.462890625 0.5341796875 0.46875 0.533203125 0.474609375 0.525390625
2 0.5068359375 0.44921875 0.5068359375 0.4560546875 0.517578125 0.4560546875 0.5146484375 0.447265625 0.5068359375 0.44921875
2 0.404296875 0.5693359375 0.3974609375 0.5673828125 0.39453125 0.5703125 0.3935546875 0.576171875 0.3974609375 0.5810546875 0.404296875 0.578125 0.404296875 0.5693359375
2 0.2333984375 0.5869140625 0.2265625 0.5869140625 0.2255859375 0.5947265625 0.234375 0.59765625 0.236328125 0.591796875 0.2333984375 0.5869140625
2 0.7265625 0.462890625 0.7158203125 0.4697265625 0.71484375 0.4765625 0.7197265625 0.478515625 0.7265625 0.470703125 0.7265625 0.462890625
4 0.755859375 0.4150390625 0.712890625 0.470703125 0.7001953125 0.4931640625 0.689453125 0.501953125 0.689453125 0.51171875 0.673828125 0.544921875 0.6748046875 0.5517578125 0.6953125 0.529296875 0.748046875 0.435546875 0.755859375 0.4150390625