0 0.2033333328125 0.5103125000000001 0.23333333281250002 0.4936458328125 0.2633333328125 0.4936458328125 0.29 0.5069791671874999 0.2966666671875 0.4969791671875 0.3 0.4669791671875 0.30333333281249997 0.46364583281250005 0.30333333281249997 0.4336458328125 0.27999999999999997 0.40697916718749994 0.26 0.4036458328125 0.25666666718750003 0.40031249999999996 0.22999999999999998 0.40031249999999996 0.1966666671875 0.4103125 0.1766666671875 0.42697916718749995 0.1666666671875 0.44697916718749997 0.1633333328125 0.4803125 0.17333333281250002 0.5036458328125 0.1833333328125 0.5103125000000001 0.2033333328125 0.5103125000000001
0 0.3466666671875 0.5403125 0.37333333281250003 0.5303125 0.4233333328125 0.5236458328125 0.43 0.46364583281250005 0.42000000000000004 0.4403125 0.4 0.4169791671875 0.38 0.40697916718749994 0.3466666671875 0.4103125 0.32 0.4236458328125 0.3133333328125 0.4403125 0.31 0.4803125 0.3333333328125 0.5369791671875 0.3433333328125 0.5369791671875 0.3466666671875 0.5403125
0 0.43 0.3769791671875 0.4733333328125 0.3803125 0.5 0.37364583281249997 0.5233333328125 0.3336458328125 0.5233333328125 0.3203125 0.5266666671875 0.3169791671875 0.5233333328125 0.29031250000000003 0.51 0.26697916718750003 0.4966666671875 0.2536458328125 0.48333333281249996 0.2469791671875 0.47000000000000003 0.24364583281250002 0.43333333281249997 0.2469791671875 0.42000000000000004 0.2536458328125 0.39 0.2869791671875 0.3866666671875 0.3003125 0.39 0.3369791671875 0.3966666671875 0.35031249999999997 0.43 0.3769791671875
0 0.45999999999999996 0.5769791671875 0.48333333281249996 0.5903125 0.5166666671875 0.5936458328125 0.55 0.5836458328125 0.5666666671875 0.5669791671875 0.5766666671875 0.5369791671875 0.5733333328125 0.5336458328125 0.5733333328125 0.5036458328125 0.5700000000000001 0.49031250000000004 0.55 0.4603125 0.53 0.44697916718749997 0.51 0.4403125 0.49000000000000005 0.4403125 0.46666666718750005 0.44697916718749997 0.43666666718749997 0.4669791671875 0.43 0.48364583281250006 0.43 0.5303125 0.44333333281250004 0.5603125 0.45999999999999996 0.5769791671875
0 0.3933333328125 0.6936458328125 0.4066666671875 0.7169791671875 0.42000000000000004 0.7136458328125 0.43 0.7036458328124999 0.4533333328125 0.6969791671875 0.45999999999999996 0.6903125 0.4566666671875 0.6669791671875 0.44000000000000006 0.6303124999999999 0.43333333281249997 0.5969791671875 0.41 0.5836458328125 0.38333333281250004 0.5769791671875 0.35 0.5803125 0.3266666671875 0.5936458328125 0.31 0.6103125 0.30333333281249997 0.6236458328125 0.3 0.6436458328125 0.3233333328125 0.6469791671875 0.37333333281250003 0.6736458328125 0.3933333328125 0.6936458328125
0 0.1066666671875 0.7436458328125 0.1233333328125 0.7436458328125 0.1533333328125 0.7303124999999999 0.1933333328125 0.7269791671875 0.22999999999999998 0.6669791671875 0.23333333281250002 0.6403125000000001 0.2233333328125 0.6169791671875 0.2066666671875 0.6003125 0.1566666671875 0.5769791671875 0.13333333281249998 0.5769791671875 0.09 0.5936458328125 0.0666666671875 0.6236458328125 0.0566666671875 0.6736458328125 0.06 0.6936458328125 0.07666666718750001 0.7269791671875 0.1066666671875 0.7436458328125
0 0 0.5736458328125 0.06 0.5736458328125 0.08333333281250001 0.5603125 0.11333333281249999 0.5336458328125 0.12 0.5169791671875 0.12 0.4769791671875 0.11000000000000001 0.4569791671875 0.0933333328125 0.4403125 0.06999999999999999 0.4303125 0.03 0.4303125 0.0033333328125 0.4403125 0 0.44364583281250003 0 0.5736458328125
0 0 0.3336458328125 0.0566666671875 0.3336458328125 0.09 0.3203125 0.10333333281249998 0.3069791671875 0.11333333281249999 0.2869791671875 0.1166666671875 0.2603125 0.11333333281249999 0.2569791671875 0.11333333281249999 0.2469791671875 0.1066666671875 0.23697916718749998 0.1066666671875 0.22697916718750002 0.1 0.2203125 0 0.2203125 0 0.3336458328125
0 0.1533333328125 0.2503125 0.1866666671875 0.26697916718750003 0.22000000000000003 0.26697916718750003 0.23333333281250002 0.2603125 0.24 0.2469791671875 0.24666666718750002 0.2403125 0.25 0.2203125 0.13333333281249998 0.2203125 0.13999999999999999 0.2336458328125 0.1533333328125 0.2503125
0 0.37 0.23697916718749998 0.37 0.2603125 0.38 0.2703125 0.3966666671875 0.2703125 0.41333333281250006 0.2536458328125 0.44000000000000006 0.2403125 0.44000000000000006 0.22697916718750002 0.44333333281250004 0.2203125 0.3633333328125 0.2203125 0.36666666718749996 0.2336458328125 0.37 0.23697916718749998
0 0.5033333328125 0.2536458328125 0.5133333328125 0.2636458328125 0.5333333328125 0.3369791671875 0.5633333328125001 0.3469791671875 0.5900000000000001 0.3436458328125 0.6033333328125 0.3369791671875 0.6233333328125 0.31364583281249997 0.63 0.2969791671875 0.6266666671875 0.2636458328125 0.61 0.22697916718750002 0.6 0.2203125 0.5366666671875 0.2203125 0.5066666671875 0.2469791671875 0.5033333328125 0.2536458328125
0 0.7266666671875 0.2536458328125 0.7233333328125 0.2603125 0.7266666671875 0.2636458328125 0.73 0.2836458328125 0.75 0.3069791671875 0.77 0.3169791671875 0.79 0.3169791671875 0.8300000000000001 0.2936458328125 0.8466666671875 0.27697916718750004 0.8566666671875 0.2569791671875 0.8566666671875 0.22697916718750002 0.8533333328125 0.2203125 0.73 0.2203125 0.7266666671875 0.2303125 0.7266666671875 0.2536458328125
0 0.9099999999999999 0.2569791671875 0.9066666671875 0.2603125 0.9066666671875 0.2703125 0.9099999999999999 0.2736458328125 0.9099999999999999 0.2836458328125 0.9199999999999999 0.2936458328125 0.9266666671875001 0.29031250000000003 0.9833333328125 0.2936458328125 0.9966666671875 0.2969791671875 0.9966666671875 0.2203125 0.9266666671875001 0.2203125 0.9099999999999999 0.2336458328125 0.9099999999999999 0.2569791671875
0 0.9 0.48364583281250006 0.9099999999999999 0.4769791671875 0.9233333328125 0.4769791671875 0.9266666671875001 0.4736458328125 0.97 0.4703125 0.9833333328125 0.46364583281250005 0.9966666671875 0.44697916718749997 0.9966666671875 0.4036458328125 0.9866666671875001 0.3803125 0.9633333328125 0.3603125 0.9266666671875001 0.3569791671875 0.8833333328125 0.36364583281249996 0.8533333328125 0.3869791671875 0.8466666671875 0.4136458328125 0.8699999999999999 0.44697916718749997 0.8699999999999999 0.4803125 0.9 0.48364583281250006
0 0.78 0.5336458328125 0.8266666671875 0.5103125000000001 0.8466666671875 0.5069791671874999 0.8666666671875 0.4769791671875 0.8666666671875 0.44697916718749997 0.86 0.4336458328125 0.8333333328125001 0.4036458328125 0.8099999999999999 0.3936458328125 0.77 0.3936458328125 0.7566666671875 0.40031249999999996 0.7266666671875 0.42697916718749995 0.72 0.4403125 0.7166666671875 0.4869791671875 0.7366666671875 0.5169791671875 0.7566666671875 0.5336458328125 0.78 0.5336458328125
0 0.67 0.6469791671875 0.6866666671874999 0.6536458328125 0.7133333328125 0.6769791671875 0.7333333328125 0.6669791671875 0.76 0.6403125000000001 0.7666666671875 0.5536458328125 0.75 0.5336458328125 0.7066666671874999 0.5103125000000001 0.6666666671875 0.5069791671874999 0.64 0.5203125 0.62 0.5436458328125 0.61 0.5703125 0.6066666671875 0.5969791671875 0.6166666671875001 0.6303124999999999 0.6266666671875 0.6436458328125 0.67 0.6469791671875
0 0.8866666671875001 0.7336458328125001 0.8800000000000001 0.7169791671875 0.8633333328124999 0.6936458328125 0.8333333328125001 0.6736458328125 0.8133333328125 0.6669791671875 0.79 0.6669791671875 0.7633333328125 0.6736458328125 0.7366666671875 0.6969791671875 0.73 0.7169791671875 0.7266666671875 0.7536458328125 0.73 0.7769791671874999 0.8833333328125 0.7769791671874999 0.8866666671875001 0.7336458328125001
0 0.5833333328125 0.7336458328125001 0.5700000000000001 0.7103125 0.5366666671875 0.6903125 0.52 0.6903125 0.5166666671875 0.6869791671875001 0.4733333328125 0.6903125 0.44666666718750003 0.7036458328124999 0.4166666671875 0.7303124999999999 0.41 0.7469791671875 0.4066666671875 0.7769791671874999 0.5866666671874999 0.7769791671874999 0.5900000000000001 0.7736458328125 0.5833333328125 0.7336458328125001
0 0.4033333328125 0.7169791671875 0.3933333328125 0.7069791671875 0.38333333281250004 0.6869791671875001 0.35 0.6569791671874999 0.32999999999999996 0.6503125 0.29333333281249996 0.6503125 0.25666666718750003 0.6769791671875 0.24 0.7069791671875 0.2366666671875 0.7503124999999999 0.24333333281249997 0.7769791671874999 0.4 0.7769791671874999 0.4033333328125 0.7169791671875
0 0.1766666671875 0.4103125 0.1933333328125 0.4103125 0.2266666671875 0.3969791671875 0.25666666718750003 0.3969791671875 0.2766666671875 0.4036458328125 0.29 0.3936458328125 0.3 0.3669791671875 0.3 0.3569791671875 0.29 0.32697916718750003 0.2733333328125 0.3103125 0.25666666718750003 0.3003125 0.2233333328125 0.3036458328125 0.1966666671875 0.3169791671875 0.1666666671875 0.3469791671875 0.16 0.36364583281249996 0.16 0.3903125 0.1666666671875 0.4036458328125 0.1766666671875 0.4103125
0 0.30333333281249997 0.3803125 0.3066666671875 0.3836458328125 0.3233333328125 0.3836458328125 0.37666666718749997 0.40031249999999996 0.39 0.40031249999999996 0.4066666671875 0.3836458328125 0.41 0.37364583281249997 0.3966666671875 0.3569791671875 0.38333333281250004 0.3303125 0.38333333281250004 0.31364583281249997 0.37666666718749997 0.3069791671875 0.37 0.29031250000000003 0.3566666671875 0.2936458328125 0.32 0.3169791671875 0.30333333281249997 0.3203125 0.2966666671875 0.3303125 0.2966666671875 0.3369791671875 0.30333333281249997 0.35031249999999997 0.30333333281249997 0.3803125
0 0.5466666671875 0.40031249999999996 0.5566666671875 0.40031249999999996 0.6066666671875 0.3836458328125 0.6133333328125 0.3769791671875 0.6133333328125 0.36364583281249996 0.61 0.3603125 0.61 0.35031249999999997 0.6066666671875 0.3469791671875 0.54 0.3436458328125 0.53 0.3536458328125 0.5266666671875 0.36364583281249996 0.5266666671875 0.3803125 0.53 0.3869791671875 0.5466666671875 0.40031249999999996