0 0.4944223109375 0.8247011953125 0.51832669375 0.8247011953125 0.5940239046875 0.749003984375 0.68167330625 0.7131474109375 0.6856573703125 0.70119521875 0.68167330625 0.6135458171875 0.6617529875 0.5657370515625 0.629880478125 0.529880478125 0.5382470125000001 0.490039840625 0.4585657375 0.4860557765625 0.4027888453125 0.50199203125 0.3430278890625 0.5498007968749999 0.3151394421875 0.601593625 0.311155378125 0.6932270921875 0.32310757031250004 0.7211155375 0.41872509999999996 0.7569721109375 0.4944223109375 0.8247011953125
0 0.5462151390625001 0.988047809375 0.7135458171875 0.9960159359375 0.8888446218749999 0.988047809375 0.8888446218749999 0.8127490046875 0.8450199203125001 0.7649402390625 0.7932270921875 0.7370517921874999 0.7294820718749999 0.7211155375 0.67768924375 0.7211155375 0.6258964140625001 0.7370517921874999 0.5701195218749999 0.7729083671875 0.542231075 0.8047808765625 0.52231075625 0.848605578125 0.5143426296875 0.9043824703125001 0.5342629484375 0.952191234375 0.5342629484375 0.98007968125 0.5462151390625001 0.988047809375
0 0.48247011874999995 0.992031871875 0.5023904375 0.9840637453125 0.5063745015625 0.888446215625 0.490438246875 0.8446215140625 0.4227091640625 0.7649402390625 0.3749003984375 0.74103585625 0.291235059375 0.7330677296875 0.2274900390625 0.7569721109375 0.171713146875 0.8047808765625 0.147808765625 0.8645418328125001 0.1438247015625 0.9043824703125001 0.151792828125 0.9601593625 0.1756972109375 0.992031871875 0.48247011874999995 0.992031871875
0 0.1637450203125 0.8087649406249999 0.231474103125 0.749003984375 0.2872509953125 0.7290836656249999 0.29920318749999997 0.6932270921875 0.29920318749999997 0.6135458171875 0.2673306765625 0.5498007968749999 0.2354581671875 0.52191235 0.167729084375 0.49800796875 0.1039840640625 0.49800796875 0.1039840640625 0.7928286859375 0.11195219062499999 0.8167330671874999 0.131872509375 0.82071713125 0.1637450203125 0.8087649406249999
0 0.131872509375 0.3346613546875 0.19561752968749999 0.27091633437499996 0.231474103125 0.15139442187500002 0.2195219125 0.13147410312500002 0.179681275 0.09960159375 0.127888446875 0.0836653390625 0.1039840640625 0.087649403125 0.1 0.231075696875 0.1039840640625 0.3466135453125 0.11195219062499999 0.3665338640625 0.131872509375 0.3346613546875
0 0.251394421875 0.1673306765625 0.25936254999999997 0.19123505937500002 0.2872509953125 0.19123505937500002 0.3031872515625 0.15936255 0.3948207171875 0.079681275 0.390836653125 0.031872509375000004 0.3749003984375 0.0039840640625 0.131872509375 0.0039840640625 0.11992031875 0.007968128125 0.11195219062499999 0.01992031875 0.11195219062499999 0.07569721093750001 0.167729084375 0.091633465625 0.2274900390625 0.13545816718749998 0.251394421875 0.1673306765625
0 0.5382470125000001 0.107569721875 0.5860557765625 0.1553784859375 0.609960159375 0.1553784859375 0.6179282875000001 0.1633466140625 0.629880478125 0.1633466140625 0.689641434375 0.1155378484375 0.6657370515625 0.051792828125 0.6936254984375 0.0239043828125 0.68167330625 0.0039840640625 0.410756971875 0.0039840640625 0.4027888453125 0.011952190625000001 0.39880478125 0.051792828125 0.4067729078125 0.0836653390625 0.47051792812500004 0.0836653390625 0.5382470125000001 0.107569721875
0 0.6498007968749999 0.2470119515625 0.6737051796875 0.22709163281250003 0.7055776890625001 0.22709163281250003 0.7374501984374999 0.2629482078125 0.7414342625 0.2948207171875 0.7334661359375 0.29880478125 0.76135458125 0.3227091640625 0.7812749 0.3585657375 0.809163346875 0.3625498015625 0.8171314734375 0.3745019921875 0.8450199203125001 0.3426294828125 0.8888446218749999 0.310756971875 0.8928286859375 0.17131474062500002 0.8609561749999999 0.13545816718749998 0.8250996015625001 0.1195219125 0.7812749 0.111553784375 0.709561753125 0.1155378484375 0.6657370515625 0.13545816718749998 0.629880478125 0.17131474062500002 0.6179282875000001 0.1952191234375 0.62191235 0.27091633437499996 0.6378486062500001 0.27091633437499996 0.6498007968749999 0.2470119515625
0 0.4944223109375 0.330677290625 0.4944223109375 0.3346613546875 0.5023904375 0.3346613546875 0.5063745015625 0.3266932265625 0.5143426296875 0.3187251 0.51832669375 0.3187251 0.5262948203125 0.3067729078125 0.5342629484375 0.3027888453125 0.5342629484375 0.2629482078125 0.51832669375 0.2430278890625 0.510358565625 0.2430278890625 0.4944223109375 0.25896414375 0.490438246875 0.2669322703125 0.490438246875 0.2788844625 0.48645418281249997 0.2828685265625 0.48645418281249997 0.3227091640625 0.4944223109375 0.330677290625
0 0.33904382499999997 0.22709163281250003 0.3549800796875 0.239043825 0.3749003984375 0.22709163281250003 0.42669322656249997 0.250996015625 0.43864541875 0.2788844625 0.43864541875 0.3346613546875 0.4466135453125 0.3426294828125 0.4545816734375 0.330677290625 0.4545816734375 0.27490039843749997 0.48247011874999995 0.239043825 0.5063745015625 0.22709163281250003 0.5342629484375 0.22709163281250003 0.5541832671875 0.2430278890625 0.5741035859375 0.2868525890625 0.5860557765625 0.27091633437499996 0.5820717125 0.1553784859375 0.5382470125000001 0.111553784375 0.49840637499999996 0.09561752968750001 0.46254980156250003 0.087649403125 0.3868525890625 0.09561752968750001 0.32310757031250004 0.1434262953125 0.291235059375 0.1952191234375 0.28326693281250004 0.231075696875 0.291235059375 0.2470119515625 0.3151394421875 0.250996015625 0.33904382499999997 0.22709163281250003
0 0.7055776890625001 0.3585657375 0.7374501984374999 0.3187251 0.7374501984374999 0.310756971875 0.7334661359375 0.3067729078125 0.72151394375 0.3067729078125 0.7175298812500001 0.3027888453125 0.669721115625 0.3067729078125 0.669721115625 0.33864541875 0.68167330625 0.3585657375 0.7055776890625001 0.3585657375
0 0.68167330625 0.5856573703125 0.769322709375 0.4940239046875 0.80119521875 0.47410358593749996 0.7972111546875 0.3864541828125 0.7733067734375 0.370517928125 0.7533864546875 0.3745019921875 0.7414342625 0.3466135453125 0.7055776890625001 0.37848605625 0.6458167328125 0.35458167343749997 0.629880478125 0.3027888453125 0.6338645421875 0.2788844625 0.62191235 0.2788844625 0.6139442234375 0.2948207171875 0.57808765 0.290836653125 0.550199203125 0.3625498015625 0.5382470125000001 0.3745019921875 0.52231075625 0.38247011875000003 0.490438246875 0.3745019921875 0.48645418281249997 0.38247011875000003 0.47848605624999996 0.47808765 0.542231075 0.4860557765625 0.6179282875000001 0.5179282875 0.68167330625 0.5856573703125
0 0.36294820781250003 0.3426294828125 0.37888446249999996 0.3585657375 0.3868525890625 0.3585657375 0.3948207171875 0.350597609375 0.4027888453125 0.3346613546875 0.4027888453125 0.310756971875 0.4067729078125 0.3067729078125 0.4027888453125 0.29880478125 0.37888446249999996 0.2788844625 0.36294820781250003 0.27091633437499996 0.3549800796875 0.27490039843749997 0.3549800796875 0.2868525890625 0.350996015625 0.290836653125 0.3549800796875 0.3426294828125 0.36294820781250003 0.3426294828125
0 0.231474103125 0.5139442234375 0.3031872515625 0.589641434375 0.36294820781250003 0.52191235 0.41872509999999996 0.490039840625 0.4545816734375 0.48207171249999997 0.46254980156250003 0.4661354578125 0.46254980156250003 0.45019920312500006 0.4466135453125 0.44223107500000003 0.4545816734375 0.37848605625 0.43864541875 0.33864541875 0.39880478125 0.37848605625 0.32310757031250004 0.3187251 0.32310757031250004 0.2629482078125 0.3071713140625 0.2549800796875 0.2752988046875 0.25896414375 0.28326693281250004 0.29880478125 0.2195219125 0.310756971875 0.187649403125 0.29880478125 0.1836653390625 0.2868525890625 0.1756972109375 0.290836653125 0.11593625468749999 0.3745019921875 0.11195219062499999 0.43824701250000003 0.127888446875 0.490039840625 0.15976095625 0.490039840625 0.231474103125 0.5139442234375
0 0.8410358562500001 0.7569721109375 0.8848605578125 0.7968127484374999 0.8928286859375 0.788844621875 0.8968127484374999 0.6653386453125 0.8888446218749999 0.47808765 0.8250996015625001 0.47808765 0.7733067734375 0.49800796875 0.7254980078125 0.5378486062500001 0.6936254984375 0.5976095625 0.689641434375 0.6454183265625 0.6976095625000001 0.7091633468749999 0.789243028125 0.7290836656249999 0.8410358562500001 0.7569721109375