0 0 0.632724471875 0.031690140625 0.6151188375000001 0.1267605640625 0.6151188375000001 0.1654929578125 0.6292033453125 0.200704225 0.6644146125 0.20774647812499997 0.6644146125 0.2218309859375 0.6468089781249999 0.23943662031250001 0.5869498234375 0.23591549218750002 0.5306117953125 0.2147887328125 0.4848371484375 0.1830985921875 0.456668134375 0.11971830937500001 0.4390625 0.06690140781250001 0.4390625 0.0140845078125 0.46371038750000004 0 0.47427376718750003 0 0.632724471875
0 0 0.47075264062500005 0.028169014062499997 0.4496258796875 0.056338028124999995 0.4390625 0.130281690625 0.43554137343750005 0.1760563375 0.4496258796875 0.20774647812499997 0.47075264062500005 0.218309859375 0.46371038750000004 0.23591549218750002 0.40737235937499994 0.232394365625 0.358076584375 0.218309859375 0.333428696875 0.18661971875 0.30173855625 0.154929578125 0.284132921875 0.1267605640625 0.27709066875 0.0845070421875 0.27709066875 0.056338028124999995 0.284132921875 0.007042253125 0.308780809375 0 0.3158230640625 0 0.47075264062500005
0 0.028169014062499997 0.2911751765625 0.0774647890625 0.2735695421875 0.1338028171875 0.2735695421875 0.1478873234375 0.27709066875 0.2218309859375 0.3299075703125 0.23591549218750002 0.31934419062499997 0.25 0.294696303125 0.257042253125 0.2735695421875 0.257042253125 0.23131602187500003 0.232394365625 0.1890625 0.028169014062499997 0.1925836265625 0.017605634375000002 0.2242737671875 0.017605634375000002 0.26300616250000003 0.0211267609375 0.284132921875 0.028169014062499997 0.2911751765625
0 0 0.8087808093750001 0.2147887328125 0.8087808093750001 0.22535211249999998 0.784132921875 0.2218309859375 0.720752640625 0.20422535156250002 0.6749779921875 0.1830985921875 0.6468089781249999 0.154929578125 0.6292033453125 0.1161971828125 0.6186399640625 0.028169014062499997 0.6221610921875 0 0.6362455984375 0 0.8087808093750001
0 0.5281690140624999 0.7559639078125 0.5140845078125 0.720752640625 0.4788732390625 0.6784991203125 0.443661971875 0.6608934859375 0.4401408453125 0.6432878515625 0.3274647890625 0.65033010625 0.3028169015625 0.6573723593749999 0.2746478875 0.671456865625 0.25352112656250003 0.6925836265624999 0.232394365625 0.731316021875 0.232394365625 0.8087808093750001 0.5281690140624999 0.8087808093750001 0.5316901406250001 0.7982174296875 0.5281690140624999 0.7559639078125
0 0.37676056406249997 0.6468089781249999 0.4471830984375 0.6573723593749999 0.4894366203125 0.682020246875 0.5 0.682020246875 0.5281690140624999 0.6432878515625 0.5387323937499999 0.6045554578125001 0.5352112671875 0.55173855625 0.517605634375 0.520048415625 0.4753521125 0.4848371484375 0.39084507031250004 0.47427376718750003 0.3415492953125 0.47779489374999995 0.31338028125 0.48835827500000006 0.2852112671875 0.5094850359375 0.2605633796875 0.5482174296875 0.257042253125 0.6186399640625 0.2746478875 0.6644146125 0.3239436625 0.6468089781249999 0.37676056406249997 0.6468089781249999
0 0.306338028125 0.48835827500000006 0.34859155 0.47075264062500005 0.48591549218749996 0.47779489374999995 0.4964788734375 0.43554137343750005 0.4964788734375 0.396808978125 0.482394365625 0.358076584375 0.39084507031250004 0.36159771093750004 0.35915492968749996 0.32638644375000003 0.36267605625 0.3158230640625 0.35563380312500004 0.294696303125 0.3028169015625 0.30173855625 0.267605634375 0.3228653171875 0.25 0.343992078125 0.23943662031250001 0.36159771093750004 0.23943662031250001 0.44610475312500003 0.2711267609375 0.5130061625 0.306338028125 0.48835827500000006
0 0.2640845078125 0.23131602187500003 0.2640845078125 0.294696303125 0.2711267609375 0.3123019359375 0.2781690140625 0.3123019359375 0.30985915468749997 0.294696303125 0.35915492968749996 0.28765405 0.35915492968749996 0.2559639078125 0.35563380312500004 0.25244278124999997 0.3838028171875 0.1996258796875 0.419014084375 0.1996258796875 0.42253521093749996 0.196104753125 0.4753521125 0.1996258796875 0.4753521125 0.1890625 0.281690140625 0.1890625 0.2711267609375 0.21371038750000002 0.2640845078125 0.23131602187500003
0 0.6267605640625 0.6749779921875 0.6654929578125001 0.6644146125 0.7253521125 0.671456865625 0.7746478875 0.6996258796875 0.8028169015625 0.6468089781249999 0.8028169015625 0.5693441906250001 0.7957746484375 0.5482174296875 0.7535211265624999 0.49892165468750005 0.7253521125 0.4848371484375 0.6654929578125001 0.47779489374999995 0.6232394359375 0.48835827500000006 0.5845070421874999 0.5130061625 0.5528169015625 0.5623019359375 0.549295775 0.6538512328125 0.5704225359375 0.7031470078125001 0.580985915625 0.7031470078125001 0.6267605640625 0.6749779921875
0 0.7816901406250001 0.720752640625 0.7464788734375001 0.6855413734375 0.707746478125 0.671456865625 0.65140845 0.671456865625 0.595070421875 0.696104753125 0.5669014078125 0.720752640625 0.542253521875 0.7735695421875 0.542253521875 0.8087808093750001 0.806338028125 0.8087808093750001 0.8028169015625 0.7630061625 0.7816901406250001 0.720752640625
0 0.9542253515624999 0.65033010625 0.894366196875 0.6608934859375 0.8732394359375 0.671456865625 0.83802816875 0.7031470078125001 0.8169014078125001 0.7489216546875 0.8133802812500001 0.8087808093750001 0.9964788734375001 0.8087808093750001 0.9964788734375001 0.6608934859375 0.9542253515624999 0.65033010625
0 0.83802816875 0.6925836265624999 0.8450704218749999 0.6925836265624999 0.8767605640625 0.6644146125 0.91197183125 0.65033010625 0.9647887328125 0.6468089781249999 0.9964788734375001 0.6538512328125 0.9964788734375001 0.47075264062500005 0.957746478125 0.46018926093749996 0.9084507046875 0.46018926093749996 0.880281690625 0.46723151406249996 0.8485915500000001 0.4848371484375 0.8274647890625 0.5059639078125 0.806338028125 0.5411751765624999 0.8028169015625 0.5623019359375 0.8098591546874999 0.6468089781249999 0.8239436625 0.6784991203125 0.83802816875 0.6925836265624999
0 0.8169014078125001 0.5130061625 0.8521126765625 0.47779489374999995 0.88732394375 0.46018926093749996 0.9683098593749999 0.456668134375 0.9964788734375001 0.46371038750000004 0.9964788734375001 0.31934419062499997 0.957746478125 0.2911751765625 0.9049295781250001 0.27709066875 0.855633803125 0.284132921875 0.8204225359375 0.3052596828125 0.7781690140624999 0.3792033453125 0.7781690140624999 0.46371038750000004 0.792253521875 0.49540052812499996 0.8098591546874999 0.5130061625 0.8169014078125001 0.5130061625
0 0.5669014078125 0.5130061625 0.5774647890625 0.5165272890625 0.6197183093749999 0.48835827500000006 0.6584507046875 0.47427376718750003 0.7183098593749999 0.47779489374999995 0.7605633796875 0.49540052812499996 0.7711267609375 0.46018926093749996 0.7711267609375 0.3932878515625 0.75 0.3475132046875 0.7112676062500001 0.3123019359375 0.6830985921875 0.3052596828125 0.6654929578125001 0.3475132046875 0.6584507046875 0.35103433125 0.549295775 0.358076584375 0.542253521875 0.3792033453125 0.542253521875 0.4249779921875 0.5316901406250001 0.45314700781250006 0.542253521875 0.481316021875 0.5669014078125 0.5130061625
0 0.6830985921875 0.30173855625 0.693661971875 0.30173855625 0.7218309859375001 0.3158230640625 0.7359154921875 0.32638644375000003 0.7394366203125 0.3052596828125 0.7429577468749999 0.30173855625 0.7429577468749999 0.2594850359375 0.7394366203125 0.2559639078125 0.7394366203125 0.2418794015625 0.7218309859375001 0.21371038750000002 0.6971830984375 0.1890625 0.68661971875 0.1890625 0.6830985921875 0.23483714843749998 0.6830985921875 0.30173855625
0 0.6584507046875 0.1925836265625 0.6654929578125001 0.1890625 0.5598591546875 0.1890625 0.556338028125 0.1925836265625 0.6584507046875 0.1925836265625
0 0.75 0.2982174296875 0.7640845078125 0.3369498234375 0.7781690140624999 0.35103433125 0.792253521875 0.343992078125 0.8274647890625 0.294696303125 0.8591549296875 0.28061179531249997 0.91197183125 0.2735695421875 0.9718309859375 0.2911751765625 0.9788732390625 0.27709066875 0.982394365625 0.2489216546875 0.9542253515624999 0.1890625 0.767605634375 0.1890625 0.75 0.2242737671875 0.75 0.2982174296875