0 0.068359375 0.7666015625 0.095703125 0.8056640625 0.166015625 0.8759765625 0.2451171875 0.931640625 0.30078125 0.958984375 0.341796875 0.9736328125 0.4111328125 0.98828125 0.52734375 0.99609375 0.6376953125 0.9912109375 0.728515625 0.97265625 0.7626953125 0.962890625 0.798828125 0.9462890625 0.8193359375 0.931640625 0.849609375 0.896484375 0.8623046875 0.8603515625 0.875 0.8427734375 0.9150390625 0.8095703125 0.9619140625 0.7568359375 0.9990234375 0.669921875 0.9990234375 0.5009765625 0.9755859375 0.42578125 0.9453125 0.349609375 0.904296875 0.267578125 0.876953125 0.22265625 0.8232421875 0.15625 0.7509765625 0.09375 0.6962890625 0.060546875 0.66796875 0.048828125 0.591796875 0.0234375 0.5537109375 0.015625 0.4970703125 0.0078125 0.4619140625 0.0078125 0.375 0.0205078125 0.3310546875 0.0361328125 0.2802734375 0.0625 0.2451171875 0.08203125 0.20703125 0.111328125 0.1572265625 0.1630859375 0.1123046875 0.240234375 0.0859375 0.3125 0.076171875 0.380859375 0.0205078125 0.5009765625 0.0087890625 0.544921875 0.0107421875 0.615234375 0.041015625 0.712890625 0.068359375 0.7666015625
2 0.4560546875 0.0986328125 0.443359375 0.099609375 0.4423828125 0.10546875 0.447265625 0.107421875 0.46484375 0.10546875 0.4560546875 0.0986328125
2 0.564453125 0.1162109375 0.55078125 0.1162109375 0.55078125 0.12109375 0.556640625 0.1259765625 0.5673828125 0.123046875 0.564453125 0.1162109375
2 0.5205078125 0.0537109375 0.521484375 0.060546875 0.5361328125 0.0615234375 0.5341796875 0.056640625 0.5205078125 0.0537109375
2 0.466796875 0.0283203125 0.455078125 0.0283203125 0.4521484375 0.03125 0.455078125 0.0341796875 0.4677734375 0.033203125 0.466796875 0.0283203125
2 0.5283203125 0.021484375 0.521484375 0.0205078125 0.5185546875 0.0234375 0.5224609375 0.0283203125 0.5361328125 0.029296875 0.5283203125 0.021484375
2 0.3359375 0.1181640625 0.3349609375 0.1259765625 0.341796875 0.1259765625 0.341796875 0.1171875 0.3359375 0.1181640625
2 0.595703125 0.19140625 0.5986328125 0.19921875 0.607421875 0.2001953125 0.6064453125 0.1923828125 0.595703125 0.19140625
2 0.4111328125 0.7734375 0.4130859375 0.78125 0.421875 0.78125 0.4189453125 0.7724609375 0.4111328125 0.7734375
2 0.712890625 0.841796875 0.70703125 0.841796875 0.7041015625 0.8447265625 0.705078125 0.85546875 0.7138671875 0.845703125 0.712890625 0.841796875
2 0.2470703125 0.2158203125 0.2392578125 0.2177734375 0.2373046875 0.2255859375 0.244140625 0.2275390625 0.2490234375 0.21875 0.2470703125 0.2158203125
2 0.119140625 0.32421875 0.115234375 0.3291015625 0.115234375 0.337890625 0.119140625 0.337890625 0.123046875 0.326171875 0.119140625 0.32421875