0 0.373287671875 0.55244006875 0.390410959375 0.579837328125 0.4041095890625 0.579837328125 0.40753424687499995 0.5832619859375 0.458904109375 0.5832619859375 0.46232876718749993 0.579837328125 0.4726027390625 0.579837328125 0.5 0.545590753125 0.5034246578125 0.5353167812499999 0.5 0.49764554843750003 0.48972602812500005 0.477097603125 0.45547945156249997 0.44627568437500004 0.4212328765625 0.44285102812500005 0.39726027343750003 0.453125 0.3801369859375 0.47024828750000003 0.3698630140625 0.49079623281250007 0.36643835625 0.50107020625 0.3698630140625 0.5387414390624999 0.373287671875 0.5421660953125 0.373287671875 0.55244006875
0 0.20547945156249997 0.429152396875 0.2226027390625 0.43600171249999997 0.23287671250000003 0.43600171249999997 0.2363013703125 0.4394263703125 0.256849315625 0.4394263703125 0.2636986296875 0.43600171249999997 0.2808219171875 0.41887842500000005 0.29794520625 0.38805650625 0.3013698625 0.3675085609375 0.3047945203125 0.3640839046875 0.3013698625 0.360659246875 0.3013698625 0.34696061718750004 0.29794520625 0.3401113015625 0.2808219171875 0.3229880140625 0.256849315625 0.312714040625 0.2294520546875 0.312714040625 0.226027396875 0.3161386984375 0.215753425 0.3161386984375 0.20205479375 0.3229880140625 0.18493150625000002 0.3401113015625 0.18150685 0.34696061718750004 0.18150685 0.38463185 0.191780821875 0.41545376718749993 0.20547945156249997 0.429152396875
0 0.0547945203125 0.4394263703125 0.0616438359375 0.44285102812500005 0.0787671234375 0.429152396875 0.1027397265625 0.41887842500000005 0.140410959375 0.41545376718749993 0.1541095890625 0.4223030828125 0.16780821875000002 0.4223030828125 0.17808219218750002 0.4017551375 0.174657534375 0.3640839046875 0.1643835609375 0.34696061718750004 0.1472602734375 0.3332619859375 0.109589040625 0.3161386984375 0.075342465625 0.31956335625 0.05821917812500001 0.329837328125 0.04794520625 0.343535959375 0.0376712328125 0.3675085609375 0.0376712328125 0.38463185 0.034246575 0.38805650625 0.0376712328125 0.40860445156249997 0.0547945203125 0.4394263703125
0 0 0.7305222609375 0.0273972609375 0.7305222609375 0.0308219171875 0.7339469171874999 0.041095890625 0.7339469171874999 0.05821917812500001 0.7407962328125001 0.06849315 0.7407962328125001 0.09246575312500001 0.7305222609375 0.09931506875 0.7236729453125 0.109589040625 0.703125 0.109589040625 0.679152396875 0.0958904109375 0.644905821875 0.08561643906250001 0.63463185 0.0547945203125 0.6175085609375001 0.0205479453125 0.6175085609375001 0.0034246578125000002 0.6243578765625 0 0.627782534375 0 0.7305222609375
0 0.1369863015625 0.7339469171874999 0.16095890468750002 0.7442208906250001 0.1712328765625 0.7442208906250001 0.174657534375 0.7476455484375 0.2123287671875 0.7476455484375 0.24315068437499998 0.7168236296875 0.2534246578125 0.696275684375 0.2534246578125 0.6757277390625 0.2363013703125 0.6483304796875 0.18150685 0.6312071921875 0.15068493125 0.6312071921875 0.1369863015625 0.63805650625 0.126712328125 0.6483304796875 0.1198630140625 0.6620291093749999 0.1198630140625 0.6723030828125001 0.11643835625000001 0.6757277390625 0.1198630140625 0.709974315625 0.1369863015625 0.7339469171874999
0 0.36643835625 0.761344178125 0.40068493125 0.761344178125 0.40753424687499995 0.7579195203125 0.4212328765625 0.7476455484375 0.43493150625 0.7202482875 0.43493150625 0.7065496578125 0.43835616406250005 0.703125 0.43493150625 0.6723030828125001 0.41780821875 0.6483304796875 0.39726027343750003 0.63805650625 0.3698630140625 0.63805650625 0.3356164390625 0.6483304796875 0.3287671234375 0.6517551375 0.3013698625 0.6825770546875 0.29794520625 0.692851028125 0.3219178078125 0.7339469171874999 0.3390410953125 0.7476455484375 0.36643835625 0.761344178125
0 0.657534246875 0.668878425 0.6678082187500001 0.6723030828125001 0.7191780828125001 0.6723030828125001 0.7328767125 0.668878425 0.7465753421875 0.6586044515625 0.7636986296875 0.63463185 0.7705479453125 0.610659246875 0.7705479453125 0.5832619859375 0.7636986296875 0.562714040625 0.739726028125 0.5353167812499999 0.726027396875 0.528467465625 0.691780821875 0.52161815 0.657534246875 0.5318921234375 0.63356164375 0.55244006875 0.623287671875 0.56956335625 0.61643835625 0.5901113015624999 0.6198630140625 0.627782534375 0.6301369859375 0.6483304796875 0.657534246875 0.668878425
0 0.59931506875 0.4839469171875 0.609589040625 0.494220890625 0.6301369859375 0.5044948625 0.6678082187500001 0.5044948625 0.6952054796875 0.494220890625 0.7191780828125001 0.47367294531250004 0.7191780828125001 0.46339897187499995 0.7226027390625 0.45997431562499996 0.7191780828125001 0.4257277390625 0.7089041093749999 0.40860445156249997 0.68493150625 0.38463185 0.6609589046875 0.3743578765625 0.6369863015624999 0.3743578765625 0.6027397265625 0.3983304796875 0.59931506875 0.40860445156249997 0.592465753125 0.41545376718749993 0.592465753125 0.47024828750000003 0.59931506875 0.4839469171875
0 0.5205479453125 0.34696061718750004 0.5273972609375 0.3743578765625 0.534246575 0.38463185 0.5616438359375 0.3983304796875 0.592465753125 0.3983304796875 0.6438356171875 0.3640839046875 0.6541095890624999 0.343535959375 0.6541095890624999 0.30586472656249997 0.640410959375 0.278467465625 0.6198630140625 0.2579195203125 0.59931506875 0.24764554843750003 0.56849315 0.24764554843750003 0.5513698625 0.2544948625 0.5273972609375 0.2750428078125 0.5171232875 0.295590753125 0.5171232875 0.3229880140625 0.5205479453125 0.326412671875 0.5205479453125 0.34696061718750004
0 0.424657534375 0.3640839046875 0.441780821875 0.37093321874999996 0.4691780828125 0.3640839046875 0.48972602812500005 0.35380993125 0.510273971875 0.3332619859375 0.5136986296875 0.3229880140625 0.5136986296875 0.2818921234375 0.5034246578125 0.2647688359375 0.48287671249999997 0.24764554843750003 0.43150685 0.237371575 0.41438356093750006 0.244220890625 0.39383561718750004 0.2647688359375 0.38356164375 0.2887414390625 0.38356164375 0.31956335625 0.390410959375 0.3332619859375 0.424657534375 0.3640839046875
0 0.35616438281249996 0.47367294531250004 0.373287671875 0.47367294531250004 0.39726027343750003 0.4497003421875 0.4280821921875 0.43600171249999997 0.43835616406250005 0.41545376718749993 0.43493150625 0.38805650625 0.424657534375 0.37093321874999996 0.3869863015625 0.3401113015625 0.34931506875 0.3401113015625 0.3287671234375 0.35038527343750003 0.3047945203125 0.377782534375 0.3013698625 0.40860445156249997 0.308219178125 0.43257705468749996 0.3390410953125 0.4668236296875 0.35616438281249996 0.47367294531250004
0 0.3013698625 0.3401113015625 0.3116438359375 0.3572345890625 0.31849315 0.3572345890625 0.33219178125000004 0.343535959375 0.35616438281249996 0.33668664375 0.359589040625 0.3332619859375 0.373287671875 0.3332619859375 0.3801369859375 0.3229880140625 0.3801369859375 0.3161386984375 0.376712328125 0.312714040625 0.3801369859375 0.278467465625 0.373287671875 0.27161815 0.373287671875 0.26819349375 0.359589040625 0.2579195203125 0.3458904109375 0.2579195203125 0.31849315 0.278467465625 0.27054794531250004 0.295590753125 0.2671232875 0.2990154109375 0.27054794531250004 0.30928938281249996 0.273972603125 0.30928938281249996 0.3013698625 0.3401113015625
0 0.6712328765625 0.24764554843750003 0.674657534375 0.25107020625 0.674657534375 0.261344178125 0.68150685 0.278467465625 0.70205479375 0.30244006875 0.70205479375 0.30586472656249997 0.715753425 0.3161386984375 0.7328767125 0.3161386984375 0.760273971875 0.2990154109375 0.760273971875 0.295590753125 0.7705479453125 0.28531678125000004 0.773972603125 0.28531678125000004 0.784246575 0.2579195203125 0.784246575 0.2305222609375 0.7808219171874999 0.22024828749999997 0.7671232875 0.20654965781249998 0.760273971875 0.203125 0.68493150625 0.203125 0.674657534375 0.2236729453125 0.6712328765625 0.24764554843750003
0 0.784246575 0.33668664375 0.7910958906250001 0.343535959375 0.8390410953125 0.360659246875 0.86643835625 0.360659246875 0.8767123281250001 0.3572345890625 0.8869863015625 0.34696061718750004 0.8972602734375 0.326412671875 0.9041095890624999 0.31956335625 0.9041095890624999 0.2990154109375 0.8972602734375 0.278467465625 0.88356164375 0.261344178125 0.8698630140624999 0.2544948625 0.842465753125 0.25107020625 0.8390410953125 0.24764554843750003 0.8219178078124999 0.25107020625 0.8150684937499999 0.2579195203125 0.8047945203125 0.261344178125 0.784246575 0.28531678125000004 0.7808219171874999 0.295590753125 0.7808219171874999 0.3229880140625 0.784246575 0.326412671875 0.784246575 0.33668664375
0 0.9315068500000001 0.312714040625 0.9349315062500001 0.30928938281249996 0.9623287671874999 0.30928938281249996 0.9657534249999999 0.312714040625 0.9965753421875 0.3161386984375 0.9965753421875 0.244220890625 0.989726028125 0.237371575 0.989726028125 0.2339469171875 0.9863013703125001 0.2339469171875 0.9760273968750001 0.2236729453125 0.9623287671874999 0.2168236296875 0.941780821875 0.2168236296875 0.9349315062500001 0.22024828749999997 0.8938356171875 0.261344178125 0.9109589046875 0.30928938281249996 0.91780821875 0.312714040625 0.9315068500000001 0.312714040625
0 0.90068493125 0.41545376718749993 0.907534246875 0.4257277390625 0.9315068500000001 0.43600171249999997 0.9589041093749999 0.43600171249999997 0.9623287671874999 0.43257705468749996 0.9794520546875001 0.43257705468749996 0.9965753421875 0.41545376718749993 0.9965753421875 0.326412671875 0.9760273968750001 0.3161386984375 0.9349315062500001 0.312714040625 0.9109589046875 0.3229880140625 0.890410959375 0.34696061718750004 0.8869863015625 0.37093321874999996 0.890410959375 0.3743578765625 0.890410959375 0.38463185 0.90068493125 0.41545376718749993
0 0.9109589046875 0.5832619859375 0.9349315062500001 0.593535959375 0.95205479375 0.593535959375 0.9554794515625 0.5969606171875 0.9828767125000001 0.593535959375 0.9965753421875 0.58668664375 0.9965753421875 0.4668236296875 0.9863013703125001 0.45997431562499996 0.9657534249999999 0.4565496578125 0.9623287671874999 0.453125 0.9383561640625 0.453125 0.9280821921875001 0.4668236296875 0.8972602734375 0.477097603125 0.890410959375 0.48737157499999995 0.890410959375 0.50107020625 0.8869863015625 0.5044948625 0.890410959375 0.55244006875 0.9109589046875 0.5832619859375
0 0.9109589046875 0.7236729453125 0.9212328765625 0.727097603125 0.9280821921875001 0.7339469171874999 0.941780821875 0.7339469171874999 0.95205479375 0.7202482875 0.95205479375 0.703125 0.9589041093749999 0.6860017125 0.9589041093749999 0.6723030828125001 0.9794520546875001 0.6243578765625 0.989726028125 0.610659246875 0.9760273968750001 0.60380993125 0.95205479375 0.60380993125 0.9486301375 0.6003852734375 0.9109589046875 0.593535959375 0.907534246875 0.5969606171875 0.8972602734375 0.5969606171875 0.8732876718749999 0.6243578765625 0.86643835625 0.644905821875 0.86643835625 0.668878425 0.8732876718749999 0.6894263703125 0.9109589046875 0.7236729453125
0 0.7671232875 0.7202482875 0.7910958906250001 0.7339469171874999 0.8184931499999999 0.737371575 0.8527397265625 0.727097603125 0.8767123281250001 0.703125 0.859589040625 0.6654537671874999 0.86643835625 0.6243578765625 0.8561643828125 0.6140839046875 0.79794520625 0.593535959375 0.7876712328125001 0.593535959375 0.7773972609375 0.6003852734375 0.7671232875 0.6312071921875 0.75 0.6586044515625 0.743150684375 0.6757277390625 0.7465753421875 0.679152396875 0.7465753421875 0.696275684375 0.7671232875 0.7202482875
0 0.5856164390624999 0.7407962328125001 0.5856164390624999 0.75107020625 0.59931506875 0.778467465625 0.6130136984375001 0.7887414390624999 0.623287671875 0.7921660953125 0.6472602734375 0.7921660953125 0.691780821875 0.76819349375 0.7123287671874999 0.7407962328125001 0.7123287671874999 0.7168236296875 0.70205479375 0.696275684375 0.68493150625 0.6825770546875 0.6678082187500001 0.679152396875 0.6369863015624999 0.6620291093749999 0.6198630140625 0.6620291093749999 0.6130136984375001 0.6654537671874999 0.6027397265625 0.6723030828125001 0.5856164390624999 0.692851028125 0.5856164390624999 0.703125 0.5821917812499999 0.7065496578125 0.5821917812499999 0.737371575 0.5856164390624999 0.7407962328125001
0 0.5958904109375001 0.778467465625 0.575342465625 0.7544948625 0.5719178078125 0.7544948625 0.5616438359375 0.7442208906250001 0.5376712328125001 0.7339469171874999 0.5136986296875 0.7339469171874999 0.49315068437500004 0.7407962328125001 0.4863013703125 0.7476455484375 0.48287671249999997 0.7476455484375 0.46575342500000005 0.76819349375 0.46232876718749993 0.778467465625 0.46232876718749993 0.7921660953125 0.59931506875 0.7921660953125 0.5958904109375001 0.778467465625
0 0.23287671250000003 0.7921660953125 0.23287671250000003 0.7853167812499999 0.226027396875 0.778467465625 0.226027396875 0.7750428078125 0.208904109375 0.761344178125 0.1952054796875 0.7544948625 0.1712328765625 0.75107020625 0.16780821875000002 0.7476455484375 0.1438356171875 0.7407962328125001 0.1301369859375 0.7407962328125001 0.123287671875 0.7476455484375 0.1198630140625 0.7476455484375 0.1027397265625 0.7647688359375 0.09931506875 0.77161815 0.09931506875 0.7853167812499999 0.0958904109375 0.7887414390624999 0.09931506875 0.7921660953125 0.23287671250000003 0.7921660953125
0 0.174657534375 0.6209332187500001 0.18150685 0.627782534375 0.1986301375 0.63463185 0.2294520546875 0.63805650625 0.23287671250000003 0.6414811640625 0.2363013703125 0.63805650625 0.2534246578125 0.63805650625 0.2773972609375 0.6243578765625 0.29452054843750003 0.6003852734375 0.29452054843750003 0.5558647265625 0.2876712328125 0.5353167812499999 0.273972603125 0.5147688359375 0.2671232875 0.511344178125 0.2191780828125 0.511344178125 0.208904109375 0.5147688359375 0.18150685 0.5318921234375 0.1643835609375 0.55244006875 0.16095890468750002 0.562714040625 0.16095890468750002 0.58668664375 0.1643835609375 0.5969606171875 0.174657534375 0.6209332187500001
0 0.06506849375 0.511344178125 0.075342465625 0.5250428078125 0.09931506875 0.5421660953125 0.1438356171875 0.5421660953125 0.1541095890625 0.5353167812499999 0.18150685 0.5044948625 0.17808219218750002 0.4497003421875 0.1712328765625 0.4394263703125 0.1541095890625 0.4257277390625 0.13356164375 0.41887842500000005 0.1027397265625 0.4223030828125 0.0719178078125 0.4394263703125 0.0616438359375 0.453125 0.0616438359375 0.46339897187499995 0.05821917812500001 0.4668236296875 0.05821917812500001 0.494220890625 0.06506849375 0.511344178125
0 0.0445205484375 0.610659246875 0.0958904109375 0.63463185 0.1198630140625 0.63463185 0.1369863015625 0.627782534375 0.157534246875 0.60380993125 0.157534246875 0.545590753125 0.1541095890625 0.5421660953125 0.1472602734375 0.545590753125 0.09931506875 0.545590753125 0.0616438359375 0.51819349375 0.051369862499999995 0.5250428078125 0.041095890625 0.5387414390624999 0.0376712328125 0.5901113015624999 0.041095890625 0.593535959375 0.041095890625 0.6072345890624999 0.0445205484375 0.610659246875
0 0 0.5044948625 0.0068493156250000005 0.511344178125 0.0171232875 0.5147688359375 0.0308219171875 0.528467465625 0.041095890625 0.528467465625 0.04794520625 0.5250428078125 0.05821917812500001 0.5147688359375 0.05821917812500001 0.453125 0.051369862499999995 0.4497003421875 0.0308219171875 0.453125 0.0136986296875 0.47367294531250004 0 0.494220890625 0 0.5044948625
0 0.1541095890625 0.2339469171875 0.1541095890625 0.261344178125 0.15068493125 0.2647688359375 0.15068493125 0.278467465625 0.16095890468750002 0.2990154109375 0.1712328765625 0.30928938281249996 0.1883561640625 0.3161386984375 0.20205479375 0.3161386984375 0.23287671250000003 0.30928938281249996 0.24657534218750002 0.30244006875 0.2534246578125 0.2921660953125 0.2534246578125 0.28531678125000004 0.239726028125 0.27161815 0.226027396875 0.2339469171875 0.226027396875 0.213398971875 0.2294520546875 0.20997431562500002 0.226027396875 0.203125 0.18150685 0.203125 0.157534246875 0.2236729453125 0.1541095890625 0.2339469171875
0 0.041095890625 0.24764554843750003 0.04794520625 0.2579195203125 0.051369862499999995 0.278467465625 0.0616438359375 0.295590753125 0.06506849375 0.295590753125 0.0719178078125 0.30244006875 0.09931506875 0.30244006875 0.1198630140625 0.2921660953125 0.1369863015625 0.2750428078125 0.1438356171875 0.261344178125 0.1438356171875 0.2236729453125 0.140410959375 0.22024828749999997 0.140410959375 0.203125 0.034246575 0.203125 0.034246575 0.227097603125 0.041095890625 0.24764554843750003
0 0.743150684375 0.47367294531250004 0.756849315625 0.4839469171875 0.7671232875 0.48737157499999995 0.808219178125 0.48737157499999995 0.842465753125 0.47024828750000003 0.8561643828125 0.4497003421875 0.8561643828125 0.4394263703125 0.859589040625 0.43600171249999997 0.859589040625 0.40517979375 0.8561643828125 0.394905821875 0.8458904109375001 0.3743578765625 0.8356164390625 0.3640839046875 0.8150684937499999 0.35380993125 0.7808219171874999 0.35038527343750003 0.756849315625 0.3572345890625 0.7294520546875 0.3983304796875 0.7226027390625 0.4223030828125 0.726027396875 0.4257277390625 0.726027396875 0.4394263703125 0.743150684375 0.47367294531250004